WRFB_B01: 312,496,48,74
WRFB_D01: 265,647,98,74
WRFB_D02: 419,572,202,35
WRFB_C01: 313,910,48,112
WRFB_A10: 259,516,48,35
WRFB_A11: 366,520,50,36
WRFB_D03: 288,10,98,74
WRFB_B05: 419,608,100,37
WRFB_F03: 265,572,150,74
WRFB_S03: 597,983,48,35
WRFB_C07: 215,610,48,112
WRFB_D04: 61,572,202,35
WRFB_C08: 62,614,152,35
WRFB_S04: 61,1026,48,35
WRFB_B06: 423,520,100,35
WRFB_A16: 527,520,48,35
WRFB_C10: 389,38,152,37
WRFB_B08: 183,49,100,35
WRFB_S06: 155,49,48,35
WRFB_C13: 368,247,152,35
WRFB_A19: 526,248,48,35
WRFB_F04: 545,38,308,35
WRFB_placeholder1: 868,458,48,35
WRFB_placeholder2: 67,366,48,35
WRFB_placeholder3: 327,340,48,35
WRFB_placeholder4: 652,163,48,35
WRFB_placeholder5: 552,193,48,35
WRFB_placeholder6: 611,649,48,35
WRFB_C14: 89,653,48,112
GATE_WARB_WRFB: 10,619,48,35
