GATE_HI_CC: 1231,759,48,35
GATE_HI_GW: 1382,98,48,35
GATE_SU_HI: 773,867,48,35
GATE_HI_SH: 1785,505,48,35
HI_C13: 1634,499,152,35
HI_S06: 1688,479,48,35
HI_B04: 766,458,113,78
HI_S03: 818,424,48,35
HI_B12: 832,543,48,78
HI_B13: 851,623,66,78
HI_A15: 882,584,48,35
HI_A20: 921,584,48,35
HI_S01: 924,612,48,35
HI_A14: 882,534,48,35
HI_A07: 879,497,54,35
HI_C02: 935,451,54,121
HI_B02: 988,252,54,78
HI_A22: 986,1069,48,35
HI_C14: 1004,940,49,121
HI_C01: 987,573,54,121
HI_B03: 1044,614,110,35
HI_B08: 990,537,100,35
HI_C04: 1096,448,62,121
HI_A25: 1043,458,54,35
HI_A21: 1141,462,48,35
HI_S02: 1140,443,48,35
HI_B06: 1155,536,100,37
HI_A10: 1214,616,48,35
HI_S05: 1247,611,48,35
HI_C11: 1245,635,54,120
HI_B09: 1291,586,54,78
HI_B07: 1344,590,106,35
HI_B14: 1388,495,54,78
HI_D01: 1441,500,208,35
HI_C03: 1321,450,54,121
HI_A11: 1264,535,48,35
HI_B15: 1198,814,104,35
HI_A04: 1146,850,54,35
HI_A26: 1106,816,48,35
HI_B05: 1043,859,54,78
HI_A16: 1037,21,54,35
HI_A17: 982,21,54,35
HI_A27: 1092,21,48,35
HI_A23: 924,22,54,35
HI_A18: 993,92,54,37
HI_C05: 1049,92,162,36
HI_A06: 1212,94,54,35
HI_A24: 1269,94,54,35
HI_S04: 1272,57,48,35
HI_A19: 1325,91,54,38
GATE_HI_VS: 917,824,48,35
HI_C15: 939,898,48,112
HI_A28: 903,862,48,35
HI_W01: 614,560,144,38
HI_W02: 706,922,60,41
HI_W03: 506,640,55,35
HI_W04: 563,587,48,74
HI_W05: 513,582,48,35
HI_W06: 465,973,48,35
HI_W07: 286,544,154,36
HI_W09: 147,562,54,109
HI_W11: 206,945,64,38
HI_W12: 200,645,204,36
HI_W13: 114,979,52,40
HI_W14: 10,580,116,35
HI_W15: 68,636,48,35
HI_W16: 117,1018,48,35
HI_W17: 453,543,55,112
HI_W18: 404,1031,48,35
HI_W19: 154,945,48,35
HI_WS01: 117,237,48,35
