WARF_A01: 1544,1171,48,35
WARF_A02: 1440,1171,100,35
WARF_A03: 1462,1208,48,35
WARF_A04: 1385,460,48,78
WARF_A05: 1372,416,48,35
WARF_A06: 1411,579,100,78
WARF_A07: 1468,1268,48,35
WARF_A08: 1267,416,100,35
WARF_A09: 1446,466,48,35
WARF_B01: 1110,372,152,78
WARF_B02: 1002,385,100,35
WARF_B03: 1009,1030,48,35
WARF_B04: 974,358,48,35
WARF_S01: 1423,1875,48,35
WARF_B05: 913,313,48,78
WARF_B06: 915,405,48,35
WARF_B07: 805,405,100,35
WARF_B08: 687,397,48,35
WARF_B09: 579,349,100,78
WARF_B10: 553,1094,48,78
WARF_B11: 402,429,100,78
WARF_B12: 253,1139,48,35
WARF_B13: 254,369,48,35
WARF_B14: 167,929,100,154
WARF_B15: 625,470,100,35
WARF_B22: 468,953,48,78
WARF_B24: 253,434,48,35
WARF_B25: 698,982,100,78
WARF_B26: 905,276,48,35
WARF_B27: 466,1743,48,35
WARF_B28: 325,1774,48,35
WARF_B30: 748,397,48,35
WARF_B42: 462,1030,48,35
WARF_B43: 401,1038,48,35
WARF_C01: 432,350,100,35
WARF_C02: 383,310,152,35
WARF_C03: 326,310,48,78
WARF_C04: 573,976,48,35
WARF_C05: 473,1068,48,35
WARF_C07: 272,310,48,35
WARF_S02: 953,319,48,35
WARF_S03: 232,1640,48,35
WARF_S14: 418,995,48,35
WARF_B16: 755,1092,48,78
WARF_B17: 648,1102,100,35
WARF_B18: 592,1724,48,78
WARF_B19: 518,1776,48,35
WARF_B20: 410,1732,48,78
WARF_B21: 402,1824,48,35
WARF_B23: 408,944,48,35
WARF_B33: 10,1495,48,35
WARF_B34: 89,1446,48,35
WARF_C06: 542,1618,48,35
WARF_D01: 284,899,48,35
WARF_D02: 351,849,48,121
WARF_D03: 516,921,202,35
WARF_D04: 517,113,48,121
WARF_D05: 360,762,100,35
WARF_D06: 622,40,152,78
WARF_D07: 767,1585,100,35
WARF_D08: 768,1646,100,78
WARF_D09: 303,1439,48,35
WARF_D10: 232,804,100,78
WARF_D11: 295,1604,48,35
WARF_D12: 176,200,48,35
WARF_D13: 377,1483,48,35
WARF_D14: 456,821,48,35
WARF_D15: 455,1544,48,35
WARF_D16: 439,1580,100,78
WARF_D17: 381,1539,48,35
WARF_D18: 599,1625,48,35
WARF_D19: 659,1626,48,35
WARF_D21: 449,1482,100,35
WARF_D22: 507,1443,48,35
WARF_D23: 571,104,48,78
WARF_D24: 634,129,100,35
WARF_D25: 631,222,48,78
WARF_D26: 627,1441,48,35
WARF_D29: 378,172,100,35
WARF_D30: 873,1646,152,78
WARF_D31: 975,986,48,35
WARF_D32: 558,236,48,35
WARF_D33: 498,245,48,35
WARF_D34: 498,870,48,35
WARF_D35: 445,207,48,35
WARF_G01: 125,1488,100,35
WARF_G02: 69,1485,48,35
WARF_G03: 143,1438,152,35
WARF_G04: 170,770,48,35
WARF_S04: 834,948,48,35
WARF_S06: 630,677,48,35
WARF_S08: 392,1123,48,35
WARF_S18: 243,1517,48,35
GATE_SI_WARF: 1594,1177,48,35
WARF_placeholder1: 253,1359,48,35
WARF_placeholder2: 309,762,48,35
WARF_placeholder3: 406,250,48,35
WARF_placeholder4: 859,37,48,35
WARF_placeholder5: 859,87,48,35
WARF_placeholder6: 650,995,48,35
WARF_placeholder7: 686,995,48,35
