GATE_SB_OE: 4279,2481,48,35
GATE_OE_SU: 4070,3428,48,35
OE_RAIL04: 4191,3842,48,35
OE_RAIL06: 3975,2508,298,35
OE_RAIL05: 4107,3765,48,112
OE_TOWER11: 4006,3821,48,35
OE_S01: 4063,3837,48,35
OE_RAIL01: 3614,2468,354,78
OE_RAIL02: 3168,2487,203,35
OE_RAIL03: 3366,2463,236,72
OE_TOWER10: 3832,2341,48,112
OE_SPIRE: 3341,2560,48,72
OE_S04: 3339,3940,48,35
OE_TOWER03: 3592,2350,50,116
OE_TOWER01: 3592,844,48,152
OE_TOWER02: 3491,2201,281,35
OE_TOWER09: 3779,2197,101,112
OE_TOWER14: 4053,3722,101,35
OE_TOWER13: 3955,3681,101,35
OE_TOWER12: 3887,3645,48,72
OE_TOWER04: 3226,2183,264,54
OE_TOWER05: 3338,975,48,152
OE_TOWER06: 3338,2240,48,112
OE_S02: 3176,3521,48,35
OE_RUIN01: 3131,860,48,78
OE_RUIN02: 3106,968,120,78
OE_RUIN03: 3110,3727,48,78
OE_RUIN04: 3109,2405,55,155
OE_RUINFrontHall: 3006,1002,101,45
OE_RUINCourtYard: 2930,2328,195,78
OE_TOWER07: 2950,848,48,152
OE_CAVE08: 2872,798,48,35
OE_BROKENDRAIN: 2871,832,48,72
OE_CAVE19: 3010,881,48,35
OE_CAVE02: 3108,2238,96,35
OE_CAVE03: 3215,738,96,182
OE_CAVE15: 2937,2170,101,47
OE_CAVE20: 3063,2178,48,72
OE_CAVE16: 2707,2135,148,52
OE_CAVE18: 2589,2147,101,35
OE_EXSHELTER: 2597,774,48,35
OE_RUIN16: 2806,3597,48,78
OE_RUIN17: 2627,3631,151,35
OE_RUIN18: 2893,3650,48,152
OE_RUIN10: 2581,3666,101,35
OE_RUIN14: 2709,2300,101,78
OE_MIDSHELTER: 2659,2366,48,35
OE_RUIN25: 2820,2354,101,35
OE_CAVE17: 2528,2172,48,35
OE_RUIN23: 2516,2204,48,112
OE_RUIN15: 2467,2330,201,35
OE_RUIN09: 2385,2334,48,78
OE_RUIN11: 2387,3772,151,35
OE_RUIN13: 2540,3756,48,35
OE_RUIN21: 2600,3752,101,35
OE_RUINBackHall: 2696,3766,195,45
OE_CAVE04: 2413,838,96,35
OE_CAVE05: 2441,883,96,72
OE_RUIN19: 2670,899,196,78
OE_RUIN22: 2333,2372,48,35
OE_RUIN24: 2234,3780,151,36
OE_RUIN12: 2201,3696,48,78
OE_CAVE01: 2083,2220,105,122
OE_S05x: 2018,2329,48,35
OE_RUIN05: 2087,2372,96,72
OE_RUIN08: 2177,2375,151,35
OE_RUIN06: 1821,2284,196,72
OE_FINAL01: 2019,2272,106,35
OE_CAVE10: 1979,2233,146,35
OE_CAVE09: 1968,2191,96,35
OE_JUNGLE04: 2072,3539,101,35
OE_JUNGLEESCAPE: 1619,3542,463,35
OE_S06: 2122,3509,48,35
OE_CAVE11: 1719,2249,136,35
OE_WORMPIT: 1752,2308,48,41
OE_JUNGLE06: 1885,878,101,35
OE_JUNGLE05: 1734,863,151,48
OE_CAVE07: 1587,867,152,78
OE_JUNGLE01: 1561,2313,146,35
OE_RUIN07: 1426,2322,96,35
OE_CAVE12: 1335,3602,106,192
OE_BACKFILTER: 1443,2281,48,35
OE_EXITPATH: 1481,956,97,35
OE_TREETOP: 1346,2403,48,112
OE_JUNGLE02: 1320,2372,48,35
OE_SFINAL: 1292,3731,48,35
OE_CAVE13: 1234,2229,101,35
OE_TOWER08: 1254,873,48,152
OE_CAVE14: 1279,2274,101,35
OE_JUNGLE03: 1203,2313,151,42
OE_FINAL02: 1051,2324,148,72
OE_SEXTRA: 1070,935,48,35
OE_FINAL03: 748,2355,296,38
OE_TEMP: 10,2394,48,35
OE_PUMP01: 3813,3348,246,35
OE_PUMP02: 4015,3382,101,40
OE_PUMP03: 3895,3382,101,75
OE_S03: 3920,3438,48,35
OE_PUMP04: 4017,3420,48,35
OE_LWN01: 2630,3875,260,114
OE_LWA01: 3107,3863,48,35
OE_LWD01: 2898,2496,215,37
OE_LWH01: 2665,2471,206,75
OE_LWE01: 2546,2630,155,78
OE_LWA02: 2547,3930,56,55
OE_LWE02: 2252,3942,259,45
OE_LWB01: 2194,3910,51,77
GATE_OE_IW: 2194,3816,48,35
