GATE_SS_LR: 10,589,60,37
GATE_LC_LR: 78,1113,48,35
LR_SLOW: 144,1203,60,37
LR_S01: 180,1543,48,35
LR_S02: 545,122,60,37
LR_S03: 605,933,48,35
LR_entrancelab: 133,1113,120,35
LR_entranceshaft: 211,1001,48,110
LR_scavengers: 230,928,152,72
LR_CENTER: 312,708,164,117
LR_cross: 392,920,48,35
LR_tubes: 448,921,104,35
LR_tubes_cross: 549,1500,104,35
LR_tubesL: 554,1421,104,76
LR_SSENTRANCE: 70,589,112,37
LR_C01: 185,589,118,77
LR_C02: 107,666,176,43
LR_C03: 314,627,164,37
LR_A00: 344,1398,60,37
LR_A01: 107,1283,60,37
LR_A02: 108,730,60,37
LR_A03: 461,1315,60,37
LR_B01: 484,623,60,77
LR_B02: 443,1422,110,39
LR_B03: 386,842,60,77
LR_STORAGE01: 248,774,60,37
LR_SCAVHOLE: 196,1320,60,37
LR_STORAGE02: 249,713,60,37
LR_STORAGE03: 484,700,60,37
LR_STORAGE04: 477,773,60,37
LR_SECRET: 407,1246,60,37
