GATE_SS_LR: 10,589,60,37
GATE_LC_LR: 77,1113,48,35
LR_SLOW: 144,1203,60,37
LR_S01: 197,1551,48,35
LR_S02: 544,122,60,37
LR_S03: 614,931,48,35
LR_scavengers: 239,925,152,72
LR_CENTER: 311,708,164,117
LR_cross: 392,918,48,35
LR_tubes_cross: 555,1496,104,35
LR_tubesL: 555,1420,104,76
LR_SSENTRANCE: 70,589,112,37
LR_C01: 185,589,118,77
LR_C02: 107,666,176,43
LR_C03: 314,626,164,37
LR_A00: 344,1398,60,37
LR_A01: 107,1283,60,37
LR_A02: 107,730,60,37
LR_A03: 460,1315,60,37
LR_B01: 484,623,60,77
LR_B03: 386,842,60,77
LR_STORAGE01: 248,773,60,37
LR_SCAVHOLE: 195,1320,60,37
LR_STORAGE02: 248,713,60,37
LR_STORAGE03: 484,700,60,37
LR_STORAGE04: 476,773,60,37
LR_SECRET: 406,1245,60,37
LR_eshaftFuture: 222,998,48,37
LR_elabFuture: 125,1113,59,35
LR_tubesFuture: 446,1454,110,81
