WARG_B31: 1330,299,48,78
WARG_B32: 1278,770,48,78
WARG_B35: 577,1345,48,78
WARG_B36: 677,1287,48,78
WARG_B37: 468,748,100,35
WARG_B38: 317,750,100,35
WARG_G05: 678,874,48,35
WARG_G06: 628,873,48,78
WARG_G07: 628,797,48,35
WARG_G08: 677,798,48,35
WARG_G09: 776,794,48,35
WARG_G10: 804,822,48,35
WARG_G11: 619,740,48,35
WARG_G12: 570,733,48,35
WARG_G13: 418,1278,48,35
WARG_G14: 727,781,48,35
WARG_G16: 570,692,48,35
WARG_G17: 619,680,48,35
WARG_G18: 756,725,100,35
WARG_G19: 875,753,152,35
WARG_G20: 1047,761,48,35
WARG_G21: 1122,722,152,78
WARG_G22: 1331,764,100,35
WARG_H20: 987,1299,48,35
WARG_S10: 730,874,48,35
WARG_S16: 1058,725,48,35
WARG_G28: 315,1202,48,78
WARG_G29: 212,1201,100,35
WARG_G30: 162,1201,48,35
WARG_W01: 366,581,100,112
WARG_W02: 469,543,48,74
WARG_W03: 468,1140,48,35
WARG_W04: 251,630,100,35
WARG_W05: 520,1144,48,35
WARG_W06: 201,631,48,35
WARG_W07: 59,668,100,74
WARG_W08: 99,592,100,74
WARG_W09: 56,556,48,35
WARG_W10: 59,594,48,74
WARG_W11: 59,744,100,35
WARG_W12: 91,1240,48,35
WARG_W13: 284,15,152,35
WARG_W14: 272,51,48,35
WARG_S20: 468,664,48,35
WARG_S21: 10,663,48,35
warg_placeholder1: 1175,627,48,35
warg_placeholder2: 1347,723,48,35
warg_placeholder3: 629,1021,48,35
warg_placeholder4: 1215,886,48,35
WARG_G31: 862,698,48,35
GATE_SB_WARG: 1432,239,48,35
