GATE_DS_SB: 1265,4484,48,35
GATE_SB_SL: 2482,2693,48,35
GATE_LF_SB: 695,2965,48,35
SB_F03: 596,2768,100,232
SB_A10: 695,2889,54,35
SB_A09: 557,2807,48,35
SB_H03: 556,2690,204,78
SB_S06: 476,4499,48,25
SB_H02: 776,2644,204,78
SB_A04: 719,2637,54,35
SB_A13: 670,2637,48,35
SB_A01: 760,4430,52,35
SB_A11: 775,2589,48,35
SB_B01: 846,2597,105,35
SB_S07: 845,2569,48,35
SB_A12: 975,2590,48,35
SB_C01: 814,4432,148,35
SB_B02: 964,4434,113,35
SB_C05: 1040,4249,48,121
SB_A03: 983,2650,49,35
SB_E04: 1009,2679,254,38
SB_C06: 1125,4362,48,121
SB_S03: 1125,4404,48,35
SB_F02: 1108,4261,104,121
SB_D04: 1216,4347,48,150
SB_S04: 1215,4500,48,35
SB_G03: 1298,2686,355,35
SB_F01: 1334,4354,105,121
SB_J01: 1657,2677,252,78
SB_E02: 1917,2720,252,35
SB_G02: 2171,2720,362,35
SB_S05: 2529,2721,48,35
SB_C07: 1767,873,154,45
SB_J02: 1921,830,252,78
SB_J03: 1571,2632,504,37
SB_S02: 1976,2610,48,35
SB_I01: 1050,4142,152,120
SB_S01: 1102,2436,48,35
SB_D06: 1040,3999,48,154
SB_E05: 842,2178,262,35
SB_A14: 787,2178,54,35
SB_D02: 580,2179,204,35
SB_A02: 703,4024,48,35
SB_J04: 384,4029,255,78
SB_A08: 293,3997,48,35
SB_B03: 238,2189,48,78
SB_A07: 277,2153,48,35
SB_E03: 324,2177,255,40
SB_D05: 425,348,204,35
SB_A06: 515,312,48,35
SB_A05: 610,312,48,35
SB_D03: 33,2186,204,35
SB_D07: 10,2035,48,150
SB_D01: 76,1974,104,78
SB_C08: 203,1980,152,35
SB_E01: 372,1982,252,35
SB_E06: 626,1978,268,35
SB_C09: 896,1896,54,120
SB_L01: 955,1814,210,126
GATE_SB_OE: 274,2700,48,35
GATE_SB_VS: 1624,4296,48,35
SB_E07: 1232,4244,151,80
SB_B04: 1330,4226,48,74
SB_S10: 1365,2432,48,35
SB_C10: 1267,4323,151,35
SB_G04: 1377,4252,247,72
SB_GOR01: 362,2685,192,35
SB_GOR02: 322,2721,146,44
SB_TESTB: 712,4532,105,35
SB_TESTC: 973,4529,148,35
SB_C02: 819,4516,152,35
SB_TOPSIDE: 680,3000,96,35
SB_S09: 743,2965,48,35
SB_J10: 728,2530,504,35
SB_C11: 624,2541,48,114
SB_LWA01: 220,3563,48,35
SB_LWB01: 438,3289,48,75
SB_LWB02: 409,4948,48,75
SB_LWB03: 494,1153,104,38
SB_LWC01: 438,3063,52,113
SB_LWC02: 438,3176,52,113
SB_LWC03: 221,3451,48,112
SB_LWE01: 192,3376,204,75
SB_LWS01: 423,5082,48,35
