GATE_DS_SB: 1317,4350,48,35
GATE_SB_SL: 2534,2626,48,35
GATE_LF_SB: 747,2886,48,35
SB_F03: 647,2689,100,232
SB_A10: 747,2813,54,35
SB_A09: 610,2730,48,35
SB_H03: 608,2623,204,78
SB_S06: 528,4365,48,25
SB_H02: 661,2696,204,78
SB_A04: 771,2570,54,35
SB_A13: 722,2570,48,35
SB_A01: 812,4296,52,35
SB_A11: 826,2522,48,35
SB_B01: 898,2530,105,35
SB_S07: 896,2502,48,35
SB_A12: 1027,2523,48,35
SB_C01: 866,4298,148,35
SB_B02: 1016,4300,113,35
SB_C05: 1092,4115,48,121
SB_A03: 1035,2583,49,35
SB_E04: 1061,2612,254,38
SB_C06: 1176,4230,48,121
SB_S03: 1177,4270,48,35
SB_F02: 1160,4127,104,121
SB_D04: 1268,4213,48,150
SB_S04: 1267,4366,48,35
SB_G03: 1350,2619,355,35
SB_F01: 1386,4220,105,121
SB_J01: 1709,2610,252,78
SB_E02: 1969,2653,252,35
SB_G02: 2223,2653,362,35
SB_S05: 2580,2654,48,35
SB_C07: 1818,873,154,45
SB_J02: 1973,830,252,78
SB_J03: 1622,2565,504,37
SB_S02: 2028,2543,48,35
SB_I01: 1102,4008,152,120
SB_S01: 1154,2369,48,35
SB_D06: 1092,3865,48,154
SB_E05: 894,2111,262,35
SB_A14: 839,2111,54,35
SB_D02: 632,2112,204,35
SB_A02: 755,3890,48,35
SB_J04: 436,3895,255,78
SB_A08: 344,3863,48,35
SB_B03: 290,2122,48,78
SB_A07: 329,2086,48,35
SB_E03: 376,2110,255,40
SB_D05: 477,348,204,35
SB_A06: 567,312,48,35
SB_A05: 662,312,48,35
SB_D03: 85,2119,204,35
SB_D07: 61,1968,48,150
SB_D01: 128,1907,104,78
SB_C08: 255,1913,152,35
SB_E01: 424,1915,252,35
SB_E06: 678,1911,268,35
SB_C09: 948,1829,54,120
SB_L01: 1007,1747,210,126
GATE_SB_OE: 326,2633,48,35
GATE_SB_VS: 1676,4162,48,35
SB_E07: 1284,4110,151,80
SB_B04: 1382,4092,48,74
SB_S10: 1417,2365,48,35
SB_C10: 1319,4189,151,35
SB_G04: 1429,4118,247,72
SB_GOR01: 414,2618,192,35
SB_GOR02: 374,2654,146,44
SB_TESTB: 764,4398,105,35
SB_TESTC: 1025,4395,148,35
SB_C02: 871,4382,152,35
SB_TOPSIDE: 732,2921,96,35
SB_S09: 791,2892,48,35
SB_J10: 779,2463,504,35
SB_C11: 676,2474,48,114
SB_LWA01: 38,3429,48,35
SB_LWB01: 325,3165,48,75
SB_LWB02: 288,4731,48,75
SB_LWB03: 384,2753,104,38
SB_LWB04: 288,4807,48,73
SB_LWB05: 217,3228,104,37
SB_LWC01: 332,2931,52,113
SB_LWC02: 329,3048,52,113
SB_LWC03: 39,3314,48,112
SB_LWC04: 347,2808,58,119
SB_LWE01: 10,3195,204,115
SB_LWS01: 287,4882,48,35
