WARB_F01: 89,1415,48,35
WARB_F02: 144,1406,48,35
WARB_F03: 197,1367,202,74
WARB_F04: 296,1230,48,78
WARB_F05: 136,1112,202,114
WARB_F06: 243,2132,48,35
WARB_F07: 284,2131,48,35
WARB_F08: 289,1897,48,35
WARB_F09: 272,413,48,35
WARB_F10: 272,357,48,35
WARB_F11: 179,357,100,35
WARB_F12: 136,357,48,35
WARB_F13: 151,396,48,35
WARB_F14: 141,432,48,35
WARB_F15: 180,433,48,35
WARB_F16: 192,1244,100,35
WARB_F17: 130,1233,48,78
WARB_F18: 132,1314,48,35
WARB_F19: 255,1950,48,35
WARB_F20: 269,585,48,35
WARB_F21: 250,410,48,35
WARB_F22: 258,1806,48,35
WARB_F23: 142,1808,48,35
WARB_F24: 284,430,48,35
WARB_F26: 86,1142,48,35
WARB_G23: 340,1848,48,35
WARB_G24: 339,1807,48,35
WARB_G25: 361,1770,48,35
WARB_G26: 411,1784,48,78
WARB_G27: 402,1883,48,35
WARB_G30: 357,1892,48,35
WARB_H13: 168,538,100,78
WARB_J01: 500,974,152,112
WARB_J02: 568,1752,48,35
WARB_J03: 646,1012,48,35
WARB_J04: 461,1802,100,35
WARB_J05: 462,1007,48,35
WARB_J06: 538,860,48,112
WARB_J07: 538,822,48,35
WARB_J08: 547,1626,48,35
WARB_S11: 282,622,48,35
WARB_S15: 164,1150,48,35
WARB_S17: 405,1409,48,35
WARB_S31: 373,1103,48,35
GATE_WARB_WRFB: 695,1019,48,35
WARB_placeholder1: 352,700,48,35
WARB_placeholder2: 40,684,48,35
WARB_placeholder3: 148,1364,48,35
WARB_placeholder4: 118,2021,48,35
WARB_placeholder5: 115,2095,48,35
WARB_placeholder6: 84,2059,48,35
WARB_placeholder7: 337,440,48,35
WARB_placeholder8: 392,441,48,35
