WARD_E25: 241,890,48,35
WARD_E28: 237,183,48,35
WARD_E34: 241,851,48,35
WARD_R01: 190,851,48,35
WARD_R02: 113,800,48,121
WARD_R03: 175,889,48,35
WARD_R04: 159,173,48,35
WARD_R05: 61,769,48,78
WARD_R06: 190,214,48,35
WARD_R07: 10,774,48,35
WARD_S23: 168,142,48,35
WARD_B39: 763,69,48,35
WARD_B40: 762,111,48,35
WARD_B41: 635,112,48,35
WARD_D20: 566,33,48,35
WARD_D27: 613,43,100,35
WARD_D28: 714,40,48,35
WARD_D36: 763,28,48,35
WARD_E01: 422,217,100,35
WARD_E02: 456,178,48,35
WARD_E03: 400,143,48,35
WARD_E04: 432,99,152,35
WARD_E05: 551,801,48,78
WARD_E06: 581,897,100,35
WARD_E07: 635,152,48,78
WARD_E09: 706,326,48,35
WARD_E10: 655,949,48,35
WARD_E11: 554,330,100,35
WARD_E12: 600,1014,100,35
WARD_E13: 312,228,100,35
WARD_E14: 358,187,48,35
WARD_E15: 484,844,48,35
WARD_E16: 507,910,48,35
WARD_E17: 533,1011,48,35
WARD_E18: 481,968,48,78
WARD_E19: 480,423,48,35
WARD_E20: 416,967,48,78
WARD_E21: 391,912,100,35
WARD_E22: 352,1606,48,35
WARD_E23: 279,1597,48,35
WARD_E24: 272,1642,48,35
WARD_E26: 199,304,100,154
WARD_E27: 311,911,48,35
WARD_E29: 237,1004,48,35
WARD_E30: 252,460,48,35
WARD_E31: 224,1091,48,35
WARD_E32: 199,496,100,35
WARD_E33: 224,543,48,78
WARD_S07: 245,259,48,35
WARD_S09: 490,1669,48,35
WARD_S13: 347,134,48,35
WARD_placeholder1: 515,641,48,35
WARD_placeholder2: 524,1499,48,35
WARD_placeholder3: 613,699,48,35
WARD_placeholder4: 350,771,48,35
