WARD_E25: 241,1325,48,35
WARD_E28: 237,401,48,35
WARD_E34: 241,1287,48,35
WARD_R01: 190,1287,48,35
WARD_R02: 113,1235,48,121
WARD_R03: 175,1324,48,35
WARD_R04: 159,391,48,35
WARD_R05: 61,1205,48,78
WARD_R06: 190,431,48,35
WARD_R07: 10,1209,48,35
WARD_R08: 319,2060,48,35
WARD_R09: 368,2049,100,35
WARD_R10: 408,1708,48,35
WARD_R11: 408,1971,48,74
WARD_R12: 217,2065,100,35
WARD_R13: 406,1820,48,35
WARD_R14: 408,1857,48,112
WARD_R15: 358,1897,48,35
WARD_R16: 522,2069,48,35
WARD_R17: 407,1744,48,74
WARD_R18: 256,1226,48,35
WARD_R19: 112,2058,100,35
WARD_R20: 422,934,48,35
WARD_R21: 267,1191,48,35
WARD_R22: 472,2062,48,35
WARD_S19: 360,1709,48,35
WARD_S23: 168,360,48,35
WARD_B39: 763,286,48,35
WARD_B40: 762,328,48,35
WARD_B41: 635,329,48,35
WARD_D20: 566,251,48,35
WARD_D27: 613,260,100,35
WARD_D28: 714,257,48,35
WARD_D36: 763,246,48,35
WARD_E01: 422,434,100,35
WARD_E02: 456,395,48,35
WARD_E03: 400,360,48,35
WARD_E04: 432,317,152,35
WARD_E05: 551,1236,48,78
WARD_E06: 581,1332,100,35
WARD_E07: 635,369,48,78
WARD_E09: 706,544,48,35
WARD_E10: 655,1384,48,35
WARD_E11: 554,548,100,35
WARD_E12: 600,1449,100,35
WARD_E13: 312,445,100,35
WARD_E14: 358,404,48,35
WARD_E15: 484,1279,48,35
WARD_E16: 507,1345,48,35
WARD_E17: 533,1446,48,35
WARD_E18: 481,1404,48,78
WARD_E19: 480,640,48,35
WARD_E20: 416,1403,48,78
WARD_E21: 391,1347,100,35
WARD_E22: 352,2259,48,35
WARD_E23: 279,2250,48,35
WARD_E24: 272,2295,48,35
WARD_E26: 199,521,100,154
WARD_E27: 311,1346,48,35
WARD_E29: 237,1440,48,35
WARD_E30: 252,677,48,35
WARD_E31: 224,1526,48,35
WARD_E32: 199,713,100,35
WARD_E33: 224,761,48,78
WARD_S07: 245,476,48,35
WARD_S09: 490,2322,48,35
WARD_S13: 347,351,48,35
