GATE_GW_SL: 1516,587,48,35
GATE_HI_GW: 10,606,48,35
GATE_DS_GW: 159,58,48,35
GW_S05: 205,415,48,35
GW_S04: 1495,551,48,35
GW_S03: 55,606,48,35
GW_C06: 612,892,48,120
GW_S02: 670,930,48,35
GW_E02: 675,972,266,36
GW_B02: 957,937,54,78
GW_C03: 1013,969,156,35
GW_C05: 1171,967,152,35
GW_A24: 1322,967,60,35
GW_B05: 1007,887,48,78
GW_A20: 1055,928,54,35
GW_A21: 1108,929,48,35
GW_S07: 964,916,48,35
GW_A19: 910,939,48,35
GW_B01: 100,579,110,35
GW_A01: 210,577,54,35
GW_C01: 263,581,156,35
GW_B04: 424,535,54,78
GW_A12: 435,600,48,35
GW_A05: 261,906,54,35
GW_A08: 335,898,54,35
GW_A06: 406,897,54,35
GW_S01: 413,921,48,35
GW_A07: 493,897,54,35
GW_A10: 555,894,48,35
GW_D01: 484,569,204,35
GW_B03: 688,530,54,78
GW_A14: 697,502,48,35
GW_B07: 730,176,48,78
GW_A04: 683,189,51,35
GW_S06: 683,153,48,35
GW_C08: 793,117,152,35
GW_C02: 744,572,156,35
GW_A13: 909,563,48,35
GW_A11: 899,596,70,35
GW_S08: 910,199,48,35
GW_B06: 950,501,51,78
GW_A22: 1001,542,54,35
GW_A23: 1058,543,54,35
GW_C11: 1113,543,152,36
GW_B08: 1404,587,110,35
GW_B09: 207,51,105,35
GW_D02: 313,48,204,35
GW_C07: 441,85,48,120
GW_C10: 515,51,158,35
GW_E01: 677,52,264,35
GATE_GW_SH: 1974,1006,48,35
GW_A25: 1383,899,100,112
GW_S09: 1830,891,48,35
GW_EDGE01: 1813,997,148,35
GW_EDGE02: 1640,894,176,51
GW_EDGE03: 1604,963,198,72
GW_EDGE04: 1498,898,99,35
GW_EDGE05: 1537,959,48,72
GW_LWC04: 1240,587,160,35
GW_LWC09: 944,10,54,120
GW_LWA01: 1210,116,70,41
GW_LWS01: 1239,892,48,35
GW_LWA03: 1400,96,60,33
GW_LWA05: 1407,132,58,33
GW_LWB01: 1172,774,67,79
GW_LWA02: 1412,756,62,35
GW_LWA04: 1224,756,59,37
GW_LWB02: 1287,750,118,39
GW_LWC01: 1483,401,101,73
GW_LWD01: 1280,78,120,79
GW_LWD02: 1003,114,207,38
