GATE_OE_IW: 1901,1829,48,35
IW_LWB01: 1790,1939,155,77
IW_G01: 1430,1942,360,75
IW_H01: 994,1971,436,49
IW_D01: 1044,3483,54,155
IW_F04: 801,1735,256,76
IW_A04: 752,3408,48,35
IW_A05: 753,1805,48,35
IW_F05: 436,1735,308,35
IW_S02: 488,1700,48,35
IW_H02: 160,1733,256,75
IW_D02: 10,61,202,38
IW_F03: 193,2182,101,116
IW_F02notrain: 194,2355,100,108
IW_L01: 156,2543,146,145
IW_I03: 163,2688,132,107
IW_I02: 154,2810,150,112
IW_I01: 153,2922,152,124
IW_B01: 205,3046,48,71
IW_F01: 205,3117,48,217
IW_A01: 243,3924,48,35
IW_S01: 225,4237,48,38
IW_A02: 241,4420,48,38
IW_A03: 188,4502,48,35
