IW_G02
204*75
0.9417*-0.3363|0|0
828,-34|1852,-34|2876,-34|-196,734|828,734|1852,734|2876,734
Border: Passable




0

1|1|1|1|1|1|1|1|1|1|1|1|1|1|1|1|1|1|1|1|1|1|1|1|1|1|1|1|1|1|1|1|1|1|1|1|1|1|1|1|1|1|1|1|1|1|1|1|1|1|1|1|1|1|1|1|1|1|1|1|1|1,4,3|1|1|1|1|1|1|1|1|1|1|1|1|1|1|1|1|1|1|1|1|1|1|1|1|1|1|1|1|1|1|1|1|1|1|1|1|1|1|1|1|1|1|1|1|1|1|1|1|1|1|1|1|1|1|1|1|1|1|1|1|1|1|1|1|1|1|1|1|1|1|1|1|1|1|1,3|1|1|1|1|1|1|1|1|1|1|1|1|1|1|1|1|1|1|1|1|1|1|1|1|1|1|1|1|1|1|1|1|1|1|1|1|1|1|1|1|1|1|1|1|1|1|1|1|1|1|1|1|1|1|1|1|1|1|1|1|1|1|1|1|1|1|1|1|1|1|1|1|1|1|1,3|1|1|1|1|1|1|1|1|1|1|1|1|1|1|1|1|1|1|1|1|1|1|1|1|1|1|1|1|1|1|1|1|1|1|1|1|1|1|1|1|1|1|1|1|1|1|1|1|1|1|1|1|1|1|1|1|1|1|1|1|1|1|1|1|1|1|1|1|1|1|1|1|1|1|1,3|1|1|1|1|1|1|1|1|1|1|1|1|1|1|1|1|1|1|1|1|1|1|1|1|1|1|1|1|1|1|1|1|1|1|1|1|1|1|1|1|1|1|1|1|1|1|1|1|1|1|1|1|1|1|1|1|1|1|1|1|1|1|1|1|1|1|1|1|1|1|1|1|1|1|1,3|1|1|1|1|1|1|1|1|1|1|1|1|1|1|1|1|1|1|1|1|1|1|1|1|1|1|1|1|1|1|1|1|1|1|1|1|1|1|1|1|1|1|1|1|1|1|1|1|1|1|1|1|1|1|1|1|1|1|1|1|1|1|1|1|1|1|1|1|1|1|1|1|1|1|1,3|1|1|1|1|1|1|1|1|1|1|1|1|1|1|1|1|1|1|1|1|1|1|1|1|1|1|1|1|1|1|1|1|1|1|1|1|1|1|1|1|1|1|1|1|1|1|1|1|1|1|1|1|1|1|1|1|1|1|1|1|1|1|1|1|1|1|1|1|1|1|1|1|1|1|1,3|1|1|1|1|1|1|1|1|1|1|1|1|1|1|1|1|1|1|1|1|1|1|1|1|1|1|1|1|1|1|1|1|1|1|1|1|1|1|1|1|1|1|1|1|1|1|1|1|1|1|1|1|1|1|1|1|1|1|1|1|1|1|1|1|1|1|1|1|1|1|1|1|1|1|1,3|1|1|1|1|1|1|1|1|1|1|1|1|1|1|1|1|1|1|1|1|1|1|1|1|1|1|1|1|1|1|1|1|1|1|1|1|1|1|1|1|1|1|1|1|1|1|1|1|1|1|1|1|1|1|1|1|1|1|1|1|1|1|1|1|1|1|1|1|1|1|1|1|1|1|4,3,6|1|1|1|1|1|1|1|1|1|1|1|1|1|1|1|1|1|1|1|1|1|1|1|1|1|1|1|1|1|1|1|1|1|1|1|1|1|1|1|1|1|1|1|1|1|1|1|1|1|1|1|1|1|1|1|1|1|1|1|1|1|1|1|1|1|1|1|1|1|1|1|1|1|1|0,6|1|1|1|1|1|1|1|1|1|1|1|1|1|1|1|1|1|1|1|1|1|1|1|1|1|1|1|1|1|1|1|1|1|1|1|1|1|1|1|1|1|1|1|1|1|1|1|1|1|1|1|1|1|1|1|1|1|1|1|1|1|1|1|1|1|1|1|1|1|1|1|1|1|1|0,6|1|1|1|1|1|1|1|1|1|1|1|1|1|1|1|1|1|1|1|1|1|1|1|1|1|1|1|1|1|1|1|1|1|1|1|1|1|1|1|1|1|1|1|1|1|1|1|1|1|1|1|1|1|1|1|1|1|1|1|1|1|1|1|1|1|1|1|1|1|1|1|1|1|1|0,6|1|1|1|1|1|1|1|1|1|1|1|1|1|1|1|1|1|1|1|1|1|1|1|1|1|1|1|1|1|1|1|1|1|1|1|1|1|1|1|1|1|1|1|1|1|1|1|1|1|1|1|1|1|1|1|1|1|1|1|1|1|1|1|1|1|1|1|1|1|1|1|1|1|1|0,6|1|1|1|1|1|1|1|1|1|1|1|1|1|1|1|1|1|1|1|1|1|1|1|1|1|1|1|1|1|1|1|1|1|1|1|1|1|1|1|1|1|1|1|1|1|1|1|1|1|1|1|1|1|1|1|1|1|1|1|1|1|1|1|1|1|1|1|1|1|1|1|1|1|1|0,6|1|1|1|1|1|1|1|1|1|1|1|1|1|1|1|1|1|1|1|1|1|1|1|1|1|1|1|1|1|1|1|1|1|1|1|1|1|1|1|1|1|1|1|1|1|1|1|1|1|1|1|1|1|1|1|1|1|1|1|1|1|1|1|1|1|1|1|1|1|1|1|1|1|1|0,6|1|1|1|1|1|1|1|1|1|1|1|1|1|1|1|1|1|1|1|1|1|1|1|1|1|1|1|1|1|1|1|1|1|1|1|1|1|1|1|1|1|1|1|1|1|1|1|1|1|1|1|1|1|1|1|1|1|1|1|1|1|1|1|1|1|1|1|1|1|1|1|1|1|1|0,6|1|1|1|1|1|1|1|1|1|1|1|1|1|1|1|1|1|1|1|1|1|1|1|1|1|1|1|1|1|1|1|1|1|1|1|1|1|1|1|1|1|1|1|1|1|1|1|1|1|1|1|1|1|1|1|1|1|1|1|1|1|1|1|1|1|1|1|1|1|1|1|1|1|1|0,6|1|1|1|1|1|1|1|1|1|1|1|1|1|1|1|1|1|1|1|1|1|1|1|1|1|1|1|1|1|1|1|1|1|1|1|1|1|1|1|1|1|1|1|1|1|1|1|1|1|1|1|1|1|1|1|1|1|1|1|1|1|1|1|1|1|1|1|1|1|1|1|1|1|1|0,6|1|1|1|1|1|1|1|1|1|1|1|1|1|1|1|1|1|1|1|1|1|1|1|1|1|1|1|1|1|1|1|1|1|1|1|1|1|1|1|1|1|1|1|1|1|1|1|1|1|1|1|1|1|1|1|1|1|1|1|1|1|1|1|1|1|1|1|1|1|1|1|1|1|2,6|0,6|0,6|1|1|1|1|1|1|1|1|1|1|1|1|1|1|1|1|1|1|1|1|1|1|1|1|1|1|1|1|1|1|1|1|1|1|1|1|1|1|1|1|1|1|1|1|1|1|1|1|1|1|1|1|1|1|1|1|1|1|1|1|1|1|1|1|1|1|1|1|1|1|1|1|0,6|0,6|0,6|0,6|1|1|1|1|1|1|1|1|1|1|1|1|1|1|1|1|1|1|1|1|1|1|1|1|1|1|1|1|1|1|1|1|1|1|1|1|1|1|1|1|1|1|1|1|1|1|1|1|1|1|1|1|1|1|1|1|1|1|1|1|1|1|1|1|1|1|1|1|1|0,6|0,6|0,6|0|0,6|0,6|1|1|1|1|1|1|1|1|1|1|1|1|1|1|1|1|1|1|1|1|1|1|1|1|1|1|1|1|1|1|1|1|1|1|1|1|1|1|1|1|1|1|1|1|1|1|1|1|1|1|1|1|1|1|1|1|1|1|1|1|1|1|1|1|1|1|1|1|1|0,6|0,6|0|0|0|0,6|0,6|1|1|1|1|1|1|1|1|1|1|1|1|1|1|1|1|1|1|1|1|1|1|1|1|1|1|1|1|1|1|1|1|1|1|1|1|1|1|1|1|1|1|1|1|1|1|1|1|1|1|1|1|1|1|1|1|1|1|1|1|1|1|1|1|1|1|1|0,6|0,6|0|0|0|0|0|0,6|1|1|1|1|1|1|1|1|1|1|1|1|1|1|1|1|1|1|1|1|1|1|1|1|1|1|1|1|1|1|1|1|1|1|1|1|1|1|1|1|1|1|1|1|1|1|1|1|1|1|1|1|1|1|1|1|1|1|1|1|1|1|1|1|1|1|1|0,6|0,6|0|0|0|0|0|0,6|1|1|1|1|1|1|1|1|1|1|1|1|1|1|1|1|1|1|1|1|1|1|1|1|1|1|1|1|1|1|1|1|1|1|1|1|1|1|1|1|1|1|1|1|1|1|1|1|1|1|1|1|1|1|1|1|1|1|1|1|1|1|1|1|1|1|1|0,6|0,6|0|0|0|0|0|0|1|1|1|1|1|1|1|1|1|1|1|1|1|1|1|1|1|1|1|1|1|1|1|1|1|1|1|1|1|1|1|1|1|1|1|1|1|1|1|1|1|1|1|1|1|1|1|1|1|1|1|1|1|1|1|1|1|1|1|1|1|1|1|1|1|1|1|0,6|0,6|0|0|0|0|0|0|1|1|1|1|1|1|1|1|1|1|1|1|1|1|1|1|1|1|1|1|1|1|1|1|1|1|1|1|1|1|1|1|1|1|1|1|1|1|1|1|1|1|1|1|1|1|1|1|1|1|1|1|1|1|1|1|1|1|1|1|1|1|1|1|1|1|1|1|0,6|0|0|0|0|0|0|0,6|1|1|1|1|1|1|1|1|1|1|1|1|1|1|1|1|1|1|1|1|1|1|1|1|1|1|1|1|1|1|1|1|1|1|1|1|1|1|1|1|1|1|1|1|1|1|1|1|1|1|1|1|1|1|1|1|1|1|1|1|1|1|1|1|1|1|1|0,6|0,6|0|0|0|0|0,6|0,6|1|1|1|1|1|1|1|1|1|1|1|1|1|1|1|1|1|1|1|1|1|1|1|1|1|1|1|1|1|1|1|1|1|1|1|1|1|1|1|1|1|1|1|1|1|1|1|1|1|1|1|1|1|1|1|1|1|1|1|1|1|1|1|1|1|1|1|1|0,6|0|0|0|0,6|0,6|0,6|1|1|1|1|1|1|1|1|1|1|1|1|1|1|1|1|1|1|1|1|1|1|1|1|1|1|1|1|1|1|1|1|1|1|1|1|1|1|1|1|1|1|1|1|1|1|1|1|1|1|1|1|1|1|1|1|1|1|1|1|1|1|1|1|1|1|1|1|0,6|0|0|0|0,6|0,6|0,6|1|1|1|1|1|1|1|1|1|1|1|1|1|1|1|1|1|1|1|1|1|1|1|1|1|1|1|1|1|1|1|1|1|1|1|1|1|1|1|1|1|1|1|1|1|1|1|1|1|1|1|1|1|1|1|1|1|1|1|1|1|1|1|1|1|1|1|1|0,6|1|0|0,6|0,6|0,6|0,6|1|1|1|1|1|1|1|1|1|1|1|1|1|1|1|1|1|1|1|1|1|1|1|1|1|1|1|1|1|1|1|1|1|1|1|1|1|1|1|1|1|1|1|1|1|1|1|1|1|1|1|1|1|1|1|1|1|1|1|1|1|1|1|1|1|1|1|1|4,3,6|1|1|1|0,6|1|1|1|1|1|1|1|1|1|1|1|1|1|1|1|1|1|1|1|1|1|1|1|1|1|1|1|1|1|1|1|1|1|1|1|1|1|1|1|1|1|1|1|1|1|1|1|1|1|1|1|1|1|1|1|1|1|1|1|1|1|1|1|1|1|1|1|1|1|1|1,5,3|1|1|1|0,6|1|1|1|1|1|1|1|1|1|1|1|1|1|1|1|1|1|1|1|1|1|1|1|1|1|1|1|1|1|1|1|1|1|1|1|1|1|1|1|1|1|1|1|1|1|1|1|1|1|1|1|1|1|1|1|1|1|1|1|1|1|1|1|1|1|1|1|1|1|1|1|1|1|1|0,6|1|1|1|1|1|1|1|1|1|1|1|1|1|1|1|1|1|1|1|1|1|1|1|1|1|1|1|1|1|1|1|1|1|1|1|1|1|1|1|1|1|1|1|1|1|1|1|1|1|1|1|1|1|1|1|1|1|1|1|1|1|1|1|1|1|1|1|1|1|1|1|1|1|1|0,6|1|1|1|1|1|1|1|1|1|1|1|1|1|1|1|1|1|1|1|1|1|1|1|1|1|1|1|1|1|1|1|1|1|1|1|1|1|1|1|1|1|1|1|1|1|1|1|1|1|1|1|1|1|1|1|1|1|1|1|1|1|1|1|1|1|1|1|1|1|1|1|1|1|1|0,6|1|1|1|1|1|1|1|1|1|1|1|1|1|1|1|1|1|1|1|1|1|1|1|1|1|1|1|1|1|1|1|1|1|1|1|1|1|1|1|1|1|1|1|1|1|1|1|1|1|1|1|1|1|1|1|1|1|1|1|1|1|1|1|1|1|1|1|1|1|1|1|1|1|1|0,6|1|1|1|1|1|1|1|1|1|1|1|1|1|1|1|1|1|1|1|1|1|1|1|1|1|1|1|1|1|1|1|1|1|1|1|1|1|1|1|1|1|1|1|1|1|1|1|1|1|1|1|1|1|1|1|1|1|1|1|1|1|1|1|1|1|1|1|1|1|1|1|1|1|1|0,6|1|1|1|1|1|1|1|1|1|1|1|1|1|1|1|1|1|1|1|1|1|1|1|1|1|1|1|1|1|1|1|1|1|1|1|1|1|1|1|1|1|1|1|1|1|1|1|1|1|1|1|1|1|1|1|1|1|0,6|0,6|0,6|0,6|0,6|0,6|0,6|0,6|0,6|0,6|0,6|0,6|1|1|1|1|1|0,6|1|1|1|1|1|1|1|1|1|1|1|1|1|1|1|1|1|1|1|1|1|1|1|1|1|1|1|1|1|1|1|1|1|1|1|1|1|1|1|1|1|1|1|1|1|1|1|1|1|1|1|1|1|1|1|1|1|0,6|0,6|0,6|0,6|0,6|0,6|0,6|0,6|0,6|0,6|0,6|1|1|1|1|1|1|0,6|1|1|1|1|1|1|1|1|1|1|1|1|1|1|1|1|1|1|1|1|1|1|1|1|1|1|1|1|1|1|1|1|1|1|1|1|1|1|1|1|1|1|1|1|1|1|1|1|1|1|1|1|1|1|1|1|1|0,6|0,6|0,6|0,6|0,6|0,6|0,6|0,6|0,6|0,6|0,6|1|1|1|1|1|1|0,6|1|1|1|1|1|1|1|1|1|1|1|1|1|1|1|1|1|1|1|1|1|1|1|1|1|1|1|1|1|1|1|1|1|1|1|1|1|1|1|1|1|1|1|1|1|1|1|1|1|1|1|1|1|1|1|1|1|1|1|1|1|1|1|1|1|1|1|1|1|1|1|1|1|1|0,6|1|1|1|1|1|1|1|1|1|1|1|1|1|1|1|1|1|1|1|1|1|1|1|1|1|1|1|1|1|1|1|1|1|1|1|1|1|1|1|1|1|1|1|1|1|1|1|1|1|1|1|1|1|1|1|1|1|1|1|1|1|1|1|1|1|1|1|1|1|1|1|0,6|0,6|3,6|0,6|1|1|1|1|1|1|1|1|1|1|1|1|1|1|1|1|1|1|1|1|1|1|1|1|1|1|1|1|1|1|1|1|1|1|1|1|1|1|1|1|1|1|1|1|1|1|1|1|1|1|1|1|1|1|1|1|1|1|1|1|1|1|1|1|1|1|1|1|1|1|1|0,6|0,6|1|1|1|1|1|1|1|1|1|1|1|1|1|1|1|1|1|1|1|1|1|1|1|1|1|1|1|1|1|1|1|1|1|1|1|1|1|1|1|1|1|1|1|1|1|1|1|1|1|1|1|1|1|1|1|1|1|1|1|1|1|1|1|1|1|1|1|1|1|1|1|1|1|1|0,6|1|1|1|1|1|1|1|1|1|1|1|1|1|1|1|1|1|1|1|1|1|1|1|1|1|1|1|1|1|1|1|1|1|1|1|1|1|1|1|1|1|1|1|1|1|1|1|1|1|1|1|1|1|1|1|1|1|1|1|0,6|0,6|0,6|1|1|0,6|0,6|0,6|0,6|0,6|0,6|1|1|1|1|0,6|1|1|1|1|1|1|1|1|1|1|1|1|1|1|1|1|1|1|1|1|1|1|1|1|1|1|1|1|1|1|1|1|1|1|1|1|1|1|1|1|1|1|1|1|1|1|1|1|1|1|1|1|1|1|1|1|1|1|1|0,6|0|2|1|1|0|0|0|0|0|0|1|1|1|1|0,6|1|1|1|1|1|1|1|1|1|1|1|1|1|1|1|1|1|1|1|1|1|1|1|1|1|1|1|1|1|1|1|1|1|1|1|1|1|1|1|1|1|1|1|1|1|1|1|1|1|1|1|1|1|1|1|1|1|1|1|0,6|0|1|1|1|0|0|0|0|0|0|0,6|0,6|0,6|0,6|0,6|0,6|2,6|1|1|1|1|1|1|1|1|1|1|1|1|1|1|1|1|1|1|1|1|1|1|1|1|1|1|1|1|1|1|1|1|1|1|1|1|1|1|1|1|1|1|1|1|1|1|1|1|1|1|1|1|1|1|1|1|0,6|0,6|0|2|1|2|0|0|0|0|0|0|0,6|0,6|0,6|0,6|0,6|0,6|0,6|1|1|1|1|1|1|1|1|1|1|1|1|1|1|1|1|1|1|1|1|1|1|1|1|1|1|1|1|1|1|1|1|1|1|1|1|1|1|1|1|1|1|1|1|1|1|1|1|1|1|1|1|1|1|1|1|1|2,6|0|0|0|0|0|0|2|1|2|0|0|0,6|0,6|0,6|0,6|0,6|0,6|1|1|1|1|1|1|1|1|1|1|1|1|1|1|1|1|1|1|1|1|1|1|1|1|1|1|1|1|1|1|1|1|1|1|1|1|1|1|1|1|1|1|1|1|1|1|1|1|1|1|1|1|1|1|1|1|1|1|1|0,1|0|0|0|0,1|1|1|1|0,1|0,1|0,1|0,1,6|0,1,6|0,1,6|0,1,6|0,1,11,6|1|1|1|1|1|1|1|1|1|1|1|1|1|1|1|1|1|1|1|1|1|1|1|1|1|1|1|1|1|1|1|1|1|1|1|1|1|1|1|1|1|1|1|1|1|1|1|1|1|1|1|1|1|1|1|1|1|2,6|0|0|0|0|0|0|2|1|2|0|0|0|0|0|0,6|0,6|0,11,6|2,11,6|1|1|1|1|1|1|1|1|1|1|1|1|1|1|1|1|1|1|1|1|1|1|1|1|1|1|1|1|1|1|1|1|1|1|1|1|1|1|1|1|1|1|1|1|1|1|1|1|1|1|1|1|1|1|1|0,6|0,6|0|0|0|0|0|0|0|0|0|0|0|0|0|0|0,6|0,6|0,6|0,11,6|1|1|1|1|1|1|1|1|1|1|1|1|1|1|1|1|1|1|1|1|1|1|1|1|1|1|1|1|1|1|1|1|1|1|1|1|1,3|1,3|1,3|1,3|1|1|1|1|1|1|1|1|1|1|1|1|1|1|1|0,6|0,6|0|0|0|0|0|0|0,6|0|0|0|0|0|0|0|0,6|0,6|0,6|0,11,6|2,11,6|1|1|1|1|1|1|1|1|1|1|1|1|1|1|1|1|1|1|1|1|1|1|1|1|1|1|1|1|1|1|1|1|1|1|1|1,3|1|1|1,3|1|1|1|1|1|1|1|1|1|1|1|1|1|1|1|0,6|0,6|0|0|0|0|0|0,6|0,6|0,6|0|0|0|0|0|0|0,6|0,6|0,6|0,6|0,11,6|1|1|1|1|1|1|1|1|1|1|1|1|1|1|1|1|1|1|1|1|1|1|1|1|1|1|1|1|1|1|1|1|1|1|1|1,3|1|1|1,3|1|1|1|1|1|1|1|1|1|1|1|1|1|1|1|0,6|0,6|0|0|0|0|0|0|0,6|0|0|0|0|0|0|0|0,6|0,6|0,6|0,6|0,11,6|1|1|1|1|1|1|1|1|1|1|1|1|1|1|1|1|1|1|1|1|1|1|1|1|1|1|1|1|1|1|1|1|1|1|1|1,3|1|1|1,3|1|1|1|1|1|1|1|1|1|1|1|1|1|1|1|0,6|0,6|0|0|0|0|0|0|0|0|0|0|0|0|0|0|0,6|0,6|0,6|0,6|0,11,6|1|1|1|1|1|1|1|1|1|1|1|1|1|1|1|1|1|1|1|1|1|1|1|1|1|1|1|1|1|1|1|1|1|1|1|4,3,6|1|1|1,3|1|1|1|1|1|1|1|1|1|1|1|1|1|1|1|1|1|1|1|2|0|0|0|0|0|0|2|1|2|0|0|0,6|0,6|0,6|0,6|0,11,6|1|1|1|1|1|1|1|1|1|1|1|1|1|1|1|1|1|1|1|1|1|1|1|1|1|1|1|1|1|1|1|1|1|1|1|0,6|1|1|1,9,3|1|1|1|1|1|1|1|1|1|1|1|1|1|1|1|1|1|1|1|1|1|0,1|0,1|0|0|0,1|1|1|1|0,1|0,1|0,1,6|0,1|0,1|0,1,6|0,1,11,6|1|1|1|1|1|1|1|1|1|1|1|1|1|1|1|1|1|1|1|1|1|1|1|1|1|1|1|1|1|1|1|1|1|1|0,6|0,6|0,6|1|1|1|1|1|1|1|1|1|1|1|1|1|1|1|1|1|1|1|1|1|2|0|0|0|0|0|0|2|1|2|0|0|0|0|0|0,6|0,11,6|1|1|1|1|1|1|1|1|1|1|1|1|1|1|1|1|1|1|1|1|1|1|1|1|1|1|1|1|1|1|1|2,6|0,6|0,6|0,6|0,6|0,6|1|1|1|1|1|1|1|1|1|1|1|1|1|1|1|1|1|0,6|0,6|0|0|0|0|0|0|0|0|0|0|0|0|0|0|0|0|0|0,6|0,11,6|1|1|1|1|1|1|1|1|1|1|1|1|1|1|1|1|1|1|1|1|1|1|1|1|1|1|1|1|2,6|0,6|0,6|0,6|0,6|0,6|0,6|0,6|0,6|1|1|1|1|1|1|1|1|1|1|1|1|1|1|1|1|1|0,6|0,6|0|0|0|0|0|0|0|0|0|0|0|0|0|0|0|0|0|0,6|0,11,6|1|1|1|1|1|1|1|1|1|1|1|1|1|1|1|1|1|1|1|1|1|1|1|1|1|1|1|1|0,6|0,6|0,6|0,6|0,6|0,6|0,6|0,6|0,6|0,6|1|1|1|1|1|1|1|1|1|1|1|1|1|1|1|1|1|1|1|1|0|0|0|0|0|0|0|0|0|0|0|0|0|0|0|0,6|0,11,6|1|1|1|1|1|1|1|1|1|1|1|1|1|1|1|1|1|1|1|1|1|1|1|1|1|1|1|0|0|0,6|0,6|0,6|0,6|0,6|0,6|0,6|0,6|0,6|1|1|1|1|1|1|1|1|1|1|1|1|1|1|1|1|1|1|1|1|0|0|0|0|0|0|0|0|0|0|0|0|0|0|0|0,11,6|2,11,6|1|1|1|1|1|1|1|1|1|1|1|1|1|1|1|1|1|1|1|1|1|1|1|1|1|1|1|1|1|1|1|1|2,6|0,6|0,6|0,6|0,6|0,6|0,6|1|1|1|1|1|1|1|1|1|1|1|1|1|1|1|1|1|1|1|0,6|0|0|2|1|2|0|0|0|0|0|0|0|0|0|0,11,6|1|1|1|1|1|1|1|1|1|1|1|1|1|1|1|1|1|1|1|1|1|1|1|1|1|1|1|1|1|1|1|1|1|1|1|0,1,6|0,1,6|0,1,6|0,1,6|0,1,6|1|1|1|1|1|1|1|1|1|1|1|1|1|1|1|1|1|1|1|0,6|0|0|1|1|1|0,1|0,1|0,1|0,1|0,1|0,1|0,1|0,1|0,1|0,1,11,6|1|1|1|1|1|1|1|1|1|1|1|1|1|1|1|1|1|1|1|1|1|1|1|1|1|1|1|1|1|1|1|1|1|2,6|0,6|0,6|0,6|0,6|0,6|0,6|1|1|1|1|1|1|1|1|1|1|1|1|1|1|0,6|1|1|1|1|0,6|0|0|2|1|2|0|0|0|0|0|0|0|0|0|0,11,6|1|1|1|1|1|1|1|1|1|1|1|1|1|1|1|1|1|1|1|1|1|1|1|1|1|1|1|0,6|0,6|0,6|0,6|0,6|0,6|0,6|0,6|0,6|0,6|0,6|0,6|0,6|0,6|1|1|1|1|1|1|1|1|1|1|1|1|1|0,6|1|1|1|1|0,6|0|0|0|0|0|0|0|0|0|0|0|0|0|0,11|2,11,6|1|1|1|1|1|1|1|1|1|1|1|1|1|1|1|1|1|1|1|1|1|1|1|1|1|1|1|0,6|0,6|0,6|0,6|0,6|0,6|0,6|0,6|0,6|0,6|0,6|0,6|0,6|0,6|3,6|4,3,6|1,3|1,3|1,3|1,3|1,5,3|1|1|1|1|1|1|0,6|1|1|1|1|0,6|0|0|0|0|0,6|0|0|0|0|0|0|0|0|0,11|1|1|1|1|1|1|1|1|1|1|1|1|1|1|1|1|1|1|1|1|1|1|1|1|1|1|1|1|1|1|1|1|1|1|1|1|1|0,6|0,6|0,6|0,6|0,6|1|1|1|1|1|1|1|1|1|1|1|1|1|0,6|1|1|1|1|0,6|0|0|0|0,6|0,6|0,6|0|0|0|0|0|0|0,11|2,11|1|1|1|1|1|1|1|1|1|1|1|1|1|1|1|1|1|1|1|1|1|1|1|1|1|1|1|1|1|1|1|1|1|1|1|1|1|0,6|0,6|0,6|0,6|0,6|3,6|4,3,6|1,3|1,3|1,3|1,3|1,3|1,5,3|1|1|1|1|1|0,6|1|1|1|1|0,6|0|0|0|0|0,6|0|0|0|0|0|0|0|0,11|1|1|1|1|1|1|1|1|1|1|1|1|1|1|1|1|1|1|1|1|1|1|1|1|1|1|1|1|0,6|0,6|0,6|0,6|0,6|0,6|0,6|0,6|1|1|0,6|0,6|0,6|0,6|0,6|1|1|1|1|1|1|1|1|1|1|1|1|1|0,6|1|1|1|1|0,6|0|0|0|0|0|0|0|0|0|0|0|0|0,11|1|1|1|1|1|1|1|1|1|1|1|1|1|1|1|1|1|1|1|1|1|1|1|1|1|1|1|1|1|1|1|2,6|0,6|0,6|0,6|0,6|1|1|0,6|0,6|0,6|0,6|1|1|1|1|1|1|1|1|1|1|1|1|1|1|0,6|1|1|1|1|0,6|0|0|0|0|0|0|2|1|2|0|0|0|0,11|1|1|1|1|1|1|1|1|1|1|1|1|1|1|1|1|1|1|1|1|1|1|1|1|1|1|1|1|1|1|1|1|1|0,1,6|0,1,6|0,1,6|1|1|0,6|0,1,6|0,1,6|0,1,6|1|1|1|1|1|1|1|1|1|1|1|0,6|0,6|0,6|0,6|1|1|1|1|0,6|0|0|0|0|0|0|1|1|1|0,1|0,1|0,1,11|2,1,11|1|1|1|1|1|1|1|1|1|1|1|1|1|1|1|1|1|1|1|1|1|1|1|1|1|1|1|1|1|1|1|2,6|0,6|0,6|0,6|0,6|1|1|0,6|0,6|0,6|0,6|1|1|1|1|1|1|1|1|1|0,6|0,6|0,6|0,6|1|0,6|1|1|1|1|0,6|0|0|0|0|0|0|2|1|2|0|0|0,11|1|1|1|1|1|1|1|1|1|1|1|1|1|1|1|1|1|1|1|1|1|1|1|1|1|1|1|1|1|2|0|0|0|0|0,6|0,6|0,6|1|1|0,6|0,6|0,6|0,6|1|1|1|1|1|1|1|0,6|0,6|0,6|1|1|1|1|0,6|1|1|1|1|0,6|0|0|0|0|0|0|0|0|0|0|0|0,11|1|1|1|1|1|1|1|1|1|1|1|1|1|1|1|1|1|1|1|1|1|1|1|1|1|1|1|1|2|0|0|0|0|0|0,6|0|0|1|1|0,6|0,6|0,6|0,6|1|1|1|1|0,6|0,6|0,6|0,6|1|1|1|1|1|1|0,6|1|1|1|1|1|0|0|0|0|0|0|0|0|0|0|0|0,11|1|1|1|1|1|1|1|1|1|1|1|1|1|1|1|1|1|1|1|1|1|1|1|1|1|1|1|1|0|0|0|0|0|0|0,6|0|0,6|1|2,6|0,6|0,6|0,6|1|1|1|1|1|0,6|1|1|1|1|1|1|1|1|1|0,6|1|1|1|1|1|0|0|0|0|0|0|0|0|0|0|0,11|2,11|1|1|1|1|1|1|1|1|1|1|1|1|1|1|1|1|1|1|1|1|1|1|1|1|1|1|1|0|0|0|0|0|0|0|0,6|0,6|0,6|1|0,6|0,6|0,6|0,6|1|1|1|1|0,6|0,6|0,6|1|1|1|1|1|1|1|1|0,6|1|1|1|1|1|0|0|0|0|0|0|0|0|0|0|0,11|1|1|1|1|1|1|1|1|1|1|1|1|1|1|1|1|1|1|1|1|1|1|1|1|1|1|1|1|1|1|1|2|0|0|0|0,6|0|0,6|0,6|0,6|0,6|0,6|0,6|3,6|0,6|0,6|0,6|0,6|1|0,6|0,6|1|1|1|1|1|1|1|0,6|1|1|1|1|1|0|0|0|0|0|0|0|0|0|0,11,6|2,11,6|1|1|1|1|1|1|1|1|1|1|1|1|1|1|1|1|1|1|1|1|1|1|1|1|1|1|1|1|1|1|1|1|1|0|0|0,6|0|0,6|0,6|0,6|0,6|0,6|0,6|1|1|1|1|1|1|1|0,6|0,6|1|1|1|1|1|1|0,6|1|1|1|1|1|0|0|0|0|0|0|0|0|0,6|0,11,6|1|1|1|1|1|1|1|1|1|1|1|1|1|1|1|1|1|1|1|1|1|1|1|1|1|1|1|1|1|1|1|1|1|1|1|1|2,6|0,6|0,6|0,6|0,6|0,6|0,6|1|1|1|1|1|1|1|1|1|0,6|0,6|0,6|1|1|1|1|0,6|1|1|1|1|1|1|0|0|0|0|0|0|0,6|0,6|2,6|1|1|1|1|1|1|1|1|1|1|1|1|1|1|1|1|1|1|1|1|1|1|1|1|1|1|1|1|1|1|1|1|1|1|1|1|1|0|0,6|0,6|0,6|0,6|1|1|1|1|1|1|1|1|1|1|1|1|0,6|0,6|0,6|0,6|1|0,6|1|1|1|1|1|1|0|0|0|0|0|0,6|0,6|0,6|1|1|1|1|1|1|1|1|1|1|1|1|1|1|1|1|1|1|1|1|1|1|1|1|1|1|1|1|1|1|1|1|1|1|1|1|1|1|0|0|0,6|0,6|0,6|1|1|1|1|1|1|1|1|1|1|1|1|1|1|1|0,6|0,6|0,6|1|1|1|1|1|1|0|0|0|0|0,6|0,6|0,6|2,6|1|1|1|1|1|1|1|1|1|1|1|1|1|1|1|1|1|1|1|1|1|1|1|1|1|1|1|1|1|1|1|1|1|1|1|1|1|1|0,6|0,6|0,6|0,6|1|1|1|1|1|1|1|1|1|1|1|1|1|1|1|1|1|1|0,6|1|1|1|1|1|1|0|0|0|0,6|0,6|0,6|0,6|1|1|1|1|1|1|1|1|1|1|1|1|1|1|1|1|1|1|1|1|1|1|1|1|1|1|1|1|1|1|1|1|1|1|1|1|1|1|1|0|0|0,6|0,6|1|1|1|1|1|1|1|1|1|1|1|1|1|1|1|1|1|1|0,6|1|1|1|1|1|1|0|0|0,6|0,6|0,6|0,6|0,6|1|1|1|1|1|1|1|1|1|1|1|1|1|1|1|1|1|1|1|1|1|1|1|1|1|1|1|1|1|1|1|1|1|1|1|1|1|1|1|0|0|0,6|0,6|1|1|1|1|1|1|1|1|1|1|1|1|1|1|1|1|1|1|0,6|1|1|1|1|1|1|1|0,6|0,6|0,6|0,6|0,6|0,6|1|1|1|1|1|1|1|1|1|1|1|1|1|1|1|1|1|1|1|1|1|1|1|1|1|1|1|1|1|1|1|1|1|1|1|1|1|1|0|0|0|0,6|1|1|1|1|1|1|1|1|1|1|1|1|1|1|1|1|1|1|1|0,6|1|1|1|1|1|1|1|0,6|0,6|0,6|0,6|0,6|1|1|1|1|1|1|1|1|1|1|1|1|1|1|1|1|1|1|1|1|1|1|1|1|1|1|1|1|1|1|1|1|1|1|1|1|1|1|0,6|0,6|0,6|0,6|0,6|3,6|0,6|0,6|0,6|0,6|0,6|1|1|1|1|1|1|1|1|1|1|1|1|1|0,6|1|1|1|1|1|1|1|0,6|0,6|0,6|0,6|0,6|1|1|1|1|1|1|1|1|1|1|1|1|1|1|1|1|1|1|1|1|1|1|1|1|1|1|1|1|1|1|1|1|1|1|1|1|1|1|0,1,6|0,1,6|0,1,6|0,1,6|0,1,6|3,1,6|0,1,6|0,1,6|0,1,6|0,1,6|0,1,6|1|1|1|1|1|1|1|1|1|1|1|1|1|0,6|1|1|1|1|1|1|1|0,6|0,6|0,6|0,6|0,6|1|1|1|1|1|1|1|1|1|1|1|1|1|1|1|1|1|1|1|1|1|1|1|1|1|1|1|1|1|1|1|1|1|1|1|1|2,6|0,6|0,6|0,6|0,6|0,6|0,6|3,6|0,6|0,6|0,6|0,6|0,6|1|1|1|1|1|1|1|1|1|1|1|1|1|0,6|1|1|1|1|1|1|1|1|0,6|0,6|0,6|1|1|1|1|1|1|1|1|1|1|1|1|1|1|1|1|1|1|1|1|1|1|1|1|1|1|1|1|1|1|1|1|1|1|1|1|0,6|0,6|0,6|0,6|0,6|0,6|0,6|0,6|1|1|0,6|0,6|0,6|0,6|1|1|1|1|1|1|1|1|1|1|1|1|1|0,6|1|1|1|1|1|1|1|1|0,6|0,6|0,6|1|1|1|1|1|1|1|1|1|1|1|1|1|1|1|1|1|1|1|1|1|1|1|1|1|1|1|1|1|1|1|1|1|1|1|2,6|0,6|0,6|0,6|0,6|0,6|0,6|0,6|0,6|1|1|0,6|0,6|0,6|0,6|2,6|1|1|1|1|1|1|1|1|1|1|1|1|0,6|1|1|1|1|1|1|1|1|0,6|0,6|0,6|1|1|1|1|1|1|1|1|1|1|1|1|1|1|1|1|1|1|1|1|1|1|1|1|1|1|1|1|1|1|1|1|1|0,6|0,6|0,6|0,6|0,6|0,6|0,6|0,6|0,6|0,6|0,6|1|1|0,6|0,6|0,6|0,6|0,6|1|1|1|1|1|1|1|1|1|1|1|1|0,6|1|1|1|1|1|1|1|1|0,6|0,6|0,6|1|1|1|1|1|1|1|1|1|1|1|1|1|1|1|1|1|1|1|1|1|1|1|1|1|1|1|1|1|1|1|2,6|0,6|0,6|0,6|0,6|0,6|0,6|0,6|0,6|0,6|0,6|0,6|1|1|1|1|0,6|0,6|0,6|0,6|1|1|1|1|1|1|1|1|1|1|1|1|0,6|1|1|1|1|1|1|1|1|0,6|0,6|0,6|1|1|1|1|1|1|1|1|1|1|1|1|1|1|1|1|1|1|1|1|1|1|1|1|1|1|1|1|1|1|0,6|0,6|0,6|0,6|0,6|0,6|0,6|0,6|0,6|0,6|0,6|0,6|1|1|1|1|1|0,6|0,6|0,6|0,6|2,6|1|1|1|1|1|1|1|1|1|1|1|0,6|1|1|1|1|1|1|1|1|0,6|0,6|0,6|1|1|1|1|1|1|1|1|1|1|1|1|1|1|1|1|1|1|1|1|1|1|1|1|1|1|1|2,6|0,6|0,6|0,6|0,6|0,6|0,6|0,6|0,6|0,6|0,6|0,6|0,6|0,6|2,6|1|1|1|1|1|0,6|0,6|0,6|0,6|0,6|1|1|1|1|1|1|1|1|1|1|1|0,6|1|1|1|1|1|1|1|1|0,6|0,6|0,6|1|1|2,6|1|1|1|1|1|1|1|1|1|1|1|1|1|1|1|1|1|1|1|1|1|1|1|1|0,6|0,6|0,6|0,6|0,6|0,6|0,6|0,6|0,6|0,6|0,6|0,6|1|1|1|1|1|1|1|1|1|0,6|0,6|0,6|0,6|2,6|1|1|1|1|1|1|1|1|1|1|0,6|1|1|1|1|1|1|1|1|0,6|0,6|0,6|1|1|1|2,6|1|1|1|1|1|1|1|1|1|1|1|1|1|1|1|1|1|1|1|1|1|1|1|0,6|0,6|0,6|0,6|0,6|0,6|0,6|0,6|2,6|1|1|1|1|1|1|1|1|1|1|1|1|1|0,6|0,6|0,6|0,11,6|1|1|1|1|1|1|1|1|1|1|0,6|1|1|1|1|1|1|1|1|0,6|0,6|0,6|1|1|1|1|1|1|1|1|1|1|1|1|1|1|1|1|1|1|1|1|1|1|1|1|1|1|1|0,6|0,6|0,6|1|1|1|1|1|1|1|1|1|1|1|1|1|1|1|1|1|1|1|0,6|0,6|0,6|0,11,6|1|1|1|1|1|1|1|1|1|1|0,6|1|1|1|1|1|1|1|1|0,6|0,6|0,6|1|1|1|1|1|1|1|1|1|1|1|1|1|1|1|1|1|1|1|1|1|1|1|1|1|1|1|0,6|0,6|1|1|1|1|1|1|1|1|1|1|1|1|1|1|1|1|1|1|1|1|1|0,6|0,6|0,11,6|1|1|1|1|1|1|1|1|1|1|0,6|1|1|1|1|1|1|1|1|0,6|0,6|0,6|1|1|1|1|1|1|1|1|1|1|1|1|1|1|1|1|1|1|1|1|1|1|1|1|1|1|1|0,6|0,6|1|1|1|1|1|1|1|1|1|1|1|1|1|1|1|1|1|1|1|1|1|0,6|0,6|0,11,6|1|1|1|1|1|1|1|1|1|1|0,6|1|1|1|1|1|1|1|1|0,6|0,6|0,6|1|1|1|1|1|1|1|1|1|1|1|1|1|1|1|1|1|1|1|1|1|1|1|1|1|1|1|0,6|0,6|0,6|1|1|1|1|1|1|1|1|1|1|1|1|1|1|1|1|1|1|1|1|0,6|0,6|0,11,6|2,6|1|1|1|1|1|1|1|1|1|0,6|1|1|1|1|1|1|1|1|0,6|0,6|0,6|1|1|1|1|1|1|1|1|1|1|1|1|1|1|1|1|1|1|1|1|1|1|1|1|1|1|1|0,6|0|0|0|1|1|1|1|1|1|1|1|1|1|1|1|1|1|1|1|1|1|1|0,6|0,6|0,11,6|0,11,6|1|1|1|1|1|1|1|1|1|0,6|1|1|1|1|1|1|1|1|0,6|0,6|0,6|1|1|1|1|1|1|1|1|1|1|1|1|1|1|1|1|1|1|1|1|1|1|1|1|1|1|1|0|0|0|0|0|0|0|1|1|1|1|1|1|1|1|1|1|1|1|1,3|1,3|4,3,6|0,2,1,6|0,1,6|0,1,6|0,1,6|0,1,11,6|1|1|1|1|1|1|1|1|1|0,6|1|1|1|1|1|1|1|1|0,6|0,6|0,6|1|1|1|1|1|1|1|1|1|1|1|1|1|1|1|1|1|1|1|1|1|1|1|1|1|1|1|0|0|0|0|0|0|0|0|1|1|1|1|1|1|1|1|1|1|1|1,3|1|1|1|0,6|0,6|0,6|0,11,6|1|1|1|1|1|1|1|1|1|0,6|1|1|1|1|1|1|1|1|0,6|0,6|0,6|1|1|1|1|1|1|1|1|1|1|1|1|1|1|1|1|1|1|1|1|1|1|1|1|1|1|1|0|0|0|0|0|0|0|0|0|0|1|1|1|1|1|1|1|1|1|1,3|1|1|1|1|0,6|0,6|0,11,6|1|1|1|1|1|1|1|1|1|0,6|1|1|1|1|1|1|1|1|0,6|0,6|0,6|1|1|1|1|1|1|1|1|1|1|1|1|1|1|1|1|1|1|1|1|1|1|1|1|1|1|1|1|1|1|0|0|0|0|0|0|0|1|1|1|1|1|1|1|1|1|1,3|1|1|1|1|0,6|0,6|0,11,6|2,6|1|1|1|1|1|1|1|1|0,6|1|1|1|1|1|1|1|1|0,6|0,6|0,6|1|1|1|1|1|1|1|1|1|1|1|1|1|1|1|1|1|1|1|1|1|1|1|1|1|1|1|1|1|1|1|1|0|0|0|0|0|0|1|1|1|1|1|1|1|1|1,3|1|1|1|1|0,6|0,6|0,11,6|0,11,6|1|1|1|1|1|1|1|1|0,6|1|1|1|1|1|1|1|1|0,6|0,6|0,6|1|1|1|1|1|1|1|1|1|1|1|1|1|1|1|1|1|1|1|1|1|1|1|1|1|1|1|1|1|1|1|1|0|0|0|0|0|0|1|1|1|1|1|1|1|1|1,3|1|1|1|1|1|0,6|0,6|0,11,6|1|1|1|1|1|1|1|1|0,6|1|1|1|1|1|1|1|1|0,6|0,6|0,6|1|1|1|1|1|1|1|1|1|1|1|1|1|1|1|1|1|1|1|1|1|1|1|1|1|1|1|1|1|1|1|1|0|0|0|0|0|0|1|1|1|1|1|1|1|1|1,3|1|1|1|1|1|0,6|0,6|0,11,6|1|1|1|1|1|1|1|1|0,6|1|1|1|1|1|1|1|1|0,6|0,6|0,6|1|1|1|1|1|1|1|1|1|1|1|1|1|1|1|1|1|1|1|1|1|1|1|1|1|1|1|1|1|1|1|1|0|0|0|0|0|0|2|1|1|1|1|1|1|1|1,3|1|1|1|1|1|0,6|0,6|0,11,6|1|1|1|1|1|1|1|1|0,6|1|1|1|1|1|1|1|1|0,6|0,6|0,6|1|1|1|1|1|1|1|1|1|1|1|1|1|1|1|1|1|1|1|1|1|1|1|1|1|1|1|1|1|1|1|1|0|0|0|0|0|0|0|1|1|1|1|1|1|1|1,3|1|1|1|1|1|0,6|0,6|0,11,6|1|1|1|1|1|1|1|1|0,6|1|1|1|1|1|1|1|1|0,6|0,6|0,6|1|1|1|1|1|1|1|1|1|1|1|1|1|1|1|1|1|1|1|1|1|1|1|1|1|1|1|1|1|1|1|1|0|0|0|0|0|0|0|3|4,3|1,3|1,3|1,3|1,3|1,3|1,3|1|1|1|1|1|0,6|0,6|0,11,6|1|1|1|1|1|1|1|1|0,6|1|1|1|1|1|1|1|1|0,6|0,6|0,6|1|1|1|1|1|1|1|1|1|1|1|1|1|1|1|1|1|1|1|1|1|1|1|1|1|1|1|1|1|1|1|1|0|0|0|0|0|0|0|1|1|1|1|1|1|1|1|1|1|1|1|1|0,6|0,6|0,11,6|1|1|1|1|1|1|1|1|0,6|1|1|1|1|1|1|1|1|0,6|0,6|0,6|1|1|1|1|1|1|1|1|1|1|1|1|1|1|1|1|1|1|1|1|1|1|1|1|1|1|1|1|1|1|1|1|0|0|0|0|0|0|0|3|4,3|1,3|1,3|1,3|1,3|1,3|1,3|1|1|1|1|1|0,6|0,6|0,11,6|1|1|1|1|1|1|1|0,6|0,6|1|1|1|1|1|1|1|1|0,6|0,6|0,6|1|1|1|1|1|1|1|1|1|1|1|1|1|1|1|1|1|1|1|1|1|1|1|1|1|1|1|1|1|1|1|1|0|0|0|0|0|0|0|1|1|1|1|1|1|1|1|1|1|1|1|1|0,6|0,6|0,11,6|1|1|1|1|1|1|1|0,6|0,6|1|1|1|1|1|1|1|1|0,6|0,6|0,6|1|1|1|1|1|1|1|1|1|1|1|1|1|1|1|1|1|1|1|1|1|1|1|1|1|1|1|1|1|1|1|1|0,6|0,6|0,6|0,6|0,6|0,6|2,6|1|1|1|1|1|1|1|1|1|1|1|1|1|0,6|0,6|0,11,6|1|1|1|1|1|1|1|0,6|0,6|1|1|1|1|1|1|1|1|0,6|0,6|0,6|1|1|1|1|1|1|1|1|1|1|1|1|1|1|1|1|1|1|1|1|1|1|1|1|1|1|1|1|1|1|1|1|0,6|0,6|0,6|0,6|0,6|0,6|1|1|1|1|1|1|1|1|1|1|1|1|1|0,6|0,6|0,6|2,6|1|1|1|1|1|1|1|0,6|0,6|1|1|1|1|1|1|1|1|0,6|0,6|0,6|1|1|1|1|1|1|1|1|1|1|1|1|1|1|1|1|1|1|1|1|1|1|1|1|1|1|1|1|1|1|1|1|1|1|1|1|1|0,6|1|1|1|1|1|1|1|1|1|1|1|1|0,6|0,6|0,6|0,6|1|1|1|1|1|1|1|1|0,6|0,6|1|1|1|1|1|1|1|1|0,6|0,6|0,6|0,6|0,6|0,6|0,6|0,6|0,6|0,6|0,6|0,6|0,11,6|1|1|1|1|1|1|1|1|1|1|1|1|1|1|1|1|1|1|1|1|1|1|1|1|1|1|1|0,6|1|1|1|1|1|1|1|1|1|1|1|1|0,6|0,6|0,6|2,6|1|1|1|1|1|1|1|1|0,6|0,6|1|1|1|1|1|1|1|1|0,6|0,6|0,6|0,6|0,6|0,6|0,6|0,6|0,6|0,6|0,6|0,6|0,11,6|1|1|1|1|1|1|1|1|1|1|1|1|1|1|1|1|1|1|1|1|1|1|1|1|1|1|1|0,6|1|1|1|1|1|1|1|1|1|1|1|0,6|0,6|0,6|0,6|1|1|1|1|1|1|1|1|1|0,6|0,6|1|1|1|1|1|1|1|1|2,6|0,6|0,6|0,6|0,6|0,6|0,6|0,6|0,6|0,6|0,6|0,6|0,11,6|1|1|1|1|1|1|1|1|1|1|1|1|1|1|1|1|1|1|1|1|1|1|1|1|1|1|1|0,6|1|1|1|1|1|1|1|1|1|1|1|0,6|0,6|0,6|0,6|1|1|1|1|1|1|1|1|0,6|0,6|0,6|1|1|1|1|1|1|1|1|1|1|1|1|1|1|1|1|1|1|1|0,6|0,6|1|1|1|1|1|1|1|1|1|1|1|1|1|1|1|1|1|1|1|1|1|1|1|1|1|0,6|0,6|0,6|1|1|1|1|1|1|1|1|1|1|0,6|0,6|0,6|0,6|2,6|1|1|1|1|1|1|1|1|0,6|0,6|0,6|1|1|1|1|1|1|1|1|1|1|1|1|1|1|1|1|1|1|1|0,6|0,6|1|1|1|1|1|1|1|1|1|1|1|1|1|1|1|1|1|1|1|1|1|1|1|1|1|0,6|0,6|0,6|2,6|1|1|1|1|1|1|1|1|1|0,6|0,6|0,6|0,6|1|1|1|1|1|1|1|1|1|0,6|0,6|0,6|1|1|1|1|1|1|1|1|1|1|1|1|1|1|1|1|1|1|1|0,6|0,6|1|1|1|1|1|1|1|1|1|1|1|1|1|1|1|1|1|1|1|1|1|1|1|1|1|1|0|0|0|1|1|1|1|1|1|1|1|0,6|0,6|0,6|0,6|2,6|1|1|1|1|1|1|1|1|1|0,6|0,6|0,6|1|1|1|1|1|1|1|1|1|1|1|1|1|1|1|1|1|1|2,6|0,6|0,6|1|1|1|1|1|1|1|1|1|1|1|1|1|1|1|1|1|1|1|1|1|1|1|1|1|1|0|0|0|1|1|1|1|1|1|1|1|0,6|0,6|0,6|0,6|1|1|1|1|1|1|1|1|1|1|0,6|0,6|0,6|1|1|1|1|1|1|1|1|1|1|1|1|1|1|1|1|1|2,6|0,6|0,6|0,6|1|1|1|1|1|1|1|1|1|1|1|1|1|1|1|1|1|1|1|1|1|1|1|1|1|1|0|0|0|1|1|0,6|0,6|0,6|0,6|0,6|0,6|0,6|0,6|0,6|0,6|1|1|1|1|1|1|1|1|1|0,6|0,6|0,6|0,6|1|1|1|1|1|1|1|1|1|1|1|1|1|1|1|2,6|0,6|0,6|0,6|0,6|2,6|1|1|1|1|1|1|1|1|1|1|1|1|1|1|1|1|1|1|1|1|1|1|1|1|1|1|1|0|0|1|1|0,6|0,6|0,6|0,6|0,6|0,6|0,6|0,6|0,6|1|1|1|1|1|1|1|1|1|1|0,6|0,6|0,6|0,6|1|1|1|1|1|1|1|1|1|1|1|1|1|1|0,6|0,6|0,6|0,6|0,6|2,6|1|1|1|1|1|1|1|1|1|1|1|1|1|1|1|1|1|1|1|1|1|1|1|1|1|1|1|1|0|0|1|1|0,6|0,6|0,6|0,6|0,6|0,6|0,6|0,6|1|1|1|1|1|1|1|1|1|1|1|0,6|0,6|0,6|0,6|1|1|1|1|1|1|1|1|1|1|1|1|0,6|0,6|0,6|0,6|0,6|0,6|2,6|1|1|1|1|1|1|1|1|1|1|1|1|1|1|1|1|1|1|1|1|1|1|1|1|1|1|1|1|0|0|0|1|1|0,6|0,6|0,6|0,6|0,6|0,6|0,6|1|1|1|1|1|1|1|1|1|1|1|0,6|0,6|0,6|0,6|0,6|1|1|1|1|1|1|1|1|1|1|2,6|0,6|0,6|0,6|0,6|0,6|0,6|2,6|1|1|1|1|1|1|1|1|1|1|1|1|1|1|1|1|1|1|1|1|1|1|1|1|1|1|1|0|0|0|0|0|1|1|0,6|0,6|0,6|0,6|0,6|0,6|0,6|1|1|1|1|1|1|1|1|1|1|1|0,6|0,6|0,6|0,6|0,6|1|1|1|1|1|1|1|1|1|1|0,6|0,6|0,6|0,6|0,6|1|1|1|1|1|1|1|1|1|1|1|1|1|1|1|1|1|1|1|1|1|1|1|1|1|1|1|1|1|0,2,1|0,1|0,1|0,2,1|0,1|0,1|1|1|0,1|0,2,1,6|0,1,6|0,1,6|0,2,1,6|0,1,6|0,1,6|1|1|1|1|1|1|1|1|1|1|1|0,6|0,6|0,6|0,6|0,6|1|1|1|1|1|1|1|1|1|0,6|0,6|0,6|0,6|1|1|1|1|1|1|1|1|1|1|1|1|1|1|1|1|1|1|1|1|1|1|1|1|1|1|1|1|1|1|1|0,2|0|0|0,2|0|0|3,2|0|0|0,2|0,6|0,6|0,2,6|0,6|0,6|1|1|1|1|1|1|1|1|1|1|1|0,6|0,6|0,6|0,6|0,6|1|1|1|1|1|1|1|0,6|0,6|0,6|0,6|0,6|0,6|1|1|1|1|1|1|1|1|1|1|1|1|1|1|1|1|1|1|1|1|1|1|1|1|1|1|1|1|1|1|0|0,2|0|0|0|0,6|0|3,2|0|0|0,2|0,6|0,6|0,2,6|0,6|0,6|1|1|1|1|1|1|1|1|1|1|1|0,6|0,6|0,6|0,6|0,6|1|1|1|1|1|1|0,6|0,6|0,6|0,6|0,6|0,6|1|1|1|1|1|1|1|1|1|1|1|1|1|1|1|1|1|1|1|1|1|1|1|1|1|1|1|1|1|1|1|0|0|0|0|0|0,6|0,1|1|1|0,1|0,2,1|0,1|0,1,6|0,2,1,6|0,1,6|0,1,6|1|1|1|1|1|1|1|1|1|1|1|0,6|0,6|0,6|0,6|0,6|1|1|1|1|1|0|0,6|0,6|0,6|0,6|0,6|0,6|1|1|1|1|1|1|1|1|1|1|1|1|1|1|1|1|1|1|1|1|1|1|1|1|1|1|1|1|1|1|0|0|0|0|0|0|0,6|0|1|1|0|0|0|0|0,6|0,6|0,6|1|1|1|1|1|1|1|1|1|1|1|0,6|0,6|0,6|0,6|0,6|1|1|1|1|0,6|0|0,6|0,6|0,6|0,6|1|1|1|1|1|1|1|1|1|1|1|1|1|1|1|1|1|1|1|1|1|1|1|1|1|1|1|1|1|1|1|0|0|0|0|0|0|0,6|0,6|0,6|1|1|0|0|0|0|0|0,6|0,6|1|1|1|1|1|1|1|1|1|1|1|0,6|0,6|0,6|0,6|0,6|1|1|1|1|0,6|0|0,6|0,6|0,6|1|1|1|1|1|1|1|1|1|1|1|1|1|1|1|1|1|1|1|1|1|1|1|1|1|1|1|1|1|1|1|1|0|0|0|0|0|0|0,6|0,6|0,6|1|1|0|0|0|0|0|0|0,6|1|1|1|1|1|1|1|1|1|1|1|0,6|0,6|0,6|0,6|0,6|3,6|0,6|0,6|0,6|0,6|0|0,6|0,6|0,6|0,6|0,6|1|1|1|1|1|1|1|1|1|1|1|1|1|1|1|1|1|1|1|1|1|1|1|1|1|1|1|1|1|0|0|0|0|0|0|0|0,6|0,6|0,6|1|1|0|0|0|0|0|0|0,6|0,11,6|1|1|1|1|1|1|1|1|1|1|0,6|0,6|0,6|0,6|0,6|1|1|1|1|1|1|0,6|0,6|0,6|0,6|0,6|0,6|0,6|1|1|1|1|1|1|1|1|1|1|1|1|1|1|1|1|1|1|1|1|1|1|1|1|1|1|1|0|0|0|0|0|0|0|0,6|0,6|0,6|1|1|0|0|0|0|0|0|0|0,11,6|0,11,6|1|1|1|1|1|1|1|1|1|0,6|0,6|0,6|0,6|0,6|1|1|1|1|1|1|0,6|0,6|0,6|0,6|0,6|0,6|0,6|2,6|1|1|1|1|1|1|1|1|1|1|1|1|1|1|1|1|1|1|1|1|1|1|1|1|1|0|0|0|0|0|0|0|0,6|0,6|0,6|1|1|1|0|0|0|0|0|0|0|0,6|0,11,6|1|1|1|1|1|1|1|1|1|0,6|0,6|0,6|0,6|0,6|1|1|1|1|1|1|1|0,6|0,6|0,6|0,6|0,6|0,6|0,6|2|1|1|1|1|1|1|1|1|1|1|1|1|1|1|1|1|1|1|1|1|1|1|1|0|0|0|0|0|0|0|0|0,6|0,6|0,6|1|1|1|0,6|0|0|0|0|0|0|0,6|0,11,6|1|1|1|1|1|1|1|1|1|1|0,6|0,6|0,6|0,6|1|1|1|1|1|1|1|1|0,6|0,6|0,6|0,6|0,6|0,6|0|1|1|1|1|1|1|1|1|1|1|1|1|1|1|1|1|1|1|1|1|1|1|1|0|0|0|0|0|0|0|0|0,6|0,6|1|1|1|1|1|0,6|0,6|0,6|0,6|0,6|0,6|0,6|0,11,6|1|1|1|1|1|1|1|1|1|1|0,6|0,6|0,6|0,6|1|1|1|1|1|1|1|1|1|0,6|0,6|0,6|0,6|0,6|0|1|1|1|1|1|1|1|1|1|1|1|1|1|1|1|1|1|1|1|1|1|1|1|0|0|0|0|0|0|0|0|0,6|0,6|1|1|1|1|1|0,6|0,6|0,6|0,6|0,6|0,6|0,6|0,11,6|0,11,6|1|1|1|1|1|1|1|1|1|0,6|0,6|0,6|0,6|1|1|1|1|1|1|1|1|1|0,6|0,6|0,6|0,6|0,6|0,6|0,6|1|1|1|1|1|1|1|1|1|1|1|1|1|1|1|1|1|1|1|1|1|0|0|0|0|0|0|0|0|0,6|0,6|1|1|1|1|1|1|0,6|0,6|0,6|0,6|0,6|0,6|0,6|0,6|0,11,6|1|1|1|1|1|1|1|1|1|0,6|0,6|0,6|0,6|1|1|1|1|1|1|1|1|1|1|0,6|0,6|0,6|0,6|0,6|0,6|1|1|1|1|1|1|1|1|1|1|1|1|1|1|1|1|1|1|1|1|1|0|0|0|0|0|0|0|0|0,6|0,6|1|1|1|1|1|1|1|0,6|0,6|0,6|0,6|0,6|0,6|0,6|0,11,6|1|1|1|1|1|1|1|1|1|0,6|0,6|0,6|0,6|1|1|1|1|1|1|1|1|1|1|0,6|0,6|0,6|0,6|0,6|0,6|2,6|1|1|1|1|1|1|1|1|1|1|1|1|1|1|1|1|1|1|1|0|0|0|0|0|0|0|0|0|1|1|1|1|1|1|1|1|1|1|1|1|0,6|1|1|1|1|1|1|1|1|1|1|1|1|1|1|0,6|0,6|0,6|1|1|1|1|1|1|1|1|1|1|1|0,6|0,6|0,6|0,6|0,6|0,6|1|1|1|1|1|1|1|1|1|1|1|1|1|1|1|1|1|1|1|0|0|0|0|0|0|0|0|1|1|1|1|1|1|1|1|1|1|1|1|1|0,6|1|1|1|1|1|1|1|1|1|1|1|1|1|1|0,6|0,6|0,6|1|1|1|1|1|1|1|1|1|1|1|0,6|0,6|0,6|0|0|0|2,11|1|1|1|1|1|1|1|1|1|1|1|1|1|1|1|1|1|0|0|0|0|0|0|0|0|0|1|1|1|1|1|1|1|1|1|1|1|1|1|0|1|1|1|1|1|1|1|1|1|1|1|1|1|1|0,6|0,6|0,6|1|1|1|1|1|1|1|1|1|1|1|1|0,6|0,6|0|0|0,11|0,11|1|1|1|1|1|1|1|1|1|1|1|1|1|1|1|1|1|0|0|0|0|0|0|0|0|0|1|1|1|1|1|1|1|1|1|1|1|1|1|0|1|1|1|1|1|1|1|1|1|1|1|1|1|1|0,6|0,6|0,6|1|1|1|1|1|1|1|1|1|1|1|1|0,6|0,6|0|0|0|0,11|1,11|1|1|1|1|1|1|1|1|1|1|1|1|1|1|1|0|0|0|0|0|0|0|0|0|0|1|1|1|1|1|1|1|1|1|1|1|0,6|0|0|0|0|0,6|0,6|0,6|1|1|1|1|1|1|1|1|1|0,6|0,6|0,6|1|1|1|1|1|1|1|1|1|1|1|1|1|0,6|0|0|0|0,11|0,11|1|1|1|1|1|1|1|1|1|1|1|1|1|1|1|0|0|0|0|0|0|0|0|0|1|1|1|1|1|1|1|1|1|1|1|1|0,6|0|0|0|0|0,6|0,6|0,6|1|1|1|1|1|1|1|1|1|0,6|0,6|0,6|1|1|1|1|1|1|1|1|1|1|1|1|1|1|0|0|0|0,11|0,11|1|1|1|1|1|1|1|1|1|1|1|1|1|1|1|0|0|0|0|0|0|0|0|0|1|1|1|1|1|1|1|1|1|1|1|1|0,6|0|0|0|0|0,6|0,6|0,6|1|1|1|1|1|1|1|1|1|0,6|0,6|0,6|1|1|1|1|1|1|1|1|1|1|1|1|1|1|0|0|0|0,11|1,11|1|1|1|1|1|1|1|1|1|1|1|1|1|1|0,6|0,6|0,6|0,6|0,6|0,6|0,6|0,6|0,6|0,6|1|1|1|1|1|1|1|1|1|1|1|1|0,6|0,6|0|0|0|0,6|0,6|0,6|1|1|1|1|1|1|1|1|1|0,6|0,6|0,6|1|1|1|1|1|1|1|1|1|1|1|1|1|1|0|0|0|1,11|1,11|1|1|1|1|1|1|1|1|1|1|1|1|1|1|0,6|0,6|0,6|1|1|1|1|1|1|1|1|1|1|1|1|1|1|1|1|1|1|1|1|0,6|0|0|0|0,6|0,6|0,6|1|1|1|1|1|1|1|1|1|1|0,6|0,6|1|1|1|1|1|1|1|1|1|1|1|1|0,6|0,6|0|0|1|1|1|1|1|1|1|1|1|1|1|1|1|1|1|1|0,6|0,6|0,6|0,6|1|1|1|1|1|1|1|1|1|1|1|1|1|1|1|1|1|1|1|1|0,6|0,6|0|0|0|0,6|0,6|1|1|1|1|1|1|1|1|1|1|0,6|0,6|1|1|1|1|1|1|1|1|1|1|1|0,6|0,6|0,6|0|1|1|1|1|1|1|1|1|1|1|1|1|1|1|1|1|1|0,6|0,6|0,6|0,6|1|1|1|1|1|1|1|1|1|1|1|1|1|1|1|1|1|1|1|1|0,6|0,6|0|0|0|0,6|0,6|1|1|1|1|1|1|1|1|1|1|0,6|0,6|1|1|1|1|1|1|1|1|1|1|1|0,6|0,6|0,6|0|1|1|1|1|1|1|1|1|1|1|1|1|1|1|1|1|1|0,6|0,6|0,6|0,6|1|1|1|1|1|1|1|1|1|1|1|1|1|1|1|1|1|1|1|1|0,6|0,6|0,6|0|0|0,6|0,6|1|1|1|1|1|1|1|1|1|1|0,6|0,6|1|1|1|1|1|1|1|1|1|1|0,6|0,6|0,6|0,6|0|1|1|1|1|1|1|1|1|1|1|1|1|1|1|1|1|1|0,6|0,6|0,6|0,6|0,6|0,6|0,6|0,6|0,6|1|1|1|1|1|1|1|1|1|1|1|1|1|1|1|2,6|0,6|0,6|0|0|0|0,6|1|1|1|1|1|1|1|1|1|1|0,6|0,6|1|1|1|1|1|1|1|1|1|1|0,6|0,6|0,6|0,6|1|1|1|1|1|1|1|1|1|1|1|1|1|1|1|1|1|1|0,6|0,6|0,6|0,6|0,6|0,6|0,6|0,6|0,6|1|1|1|1|1|1|1|1|1|1|1|1|1|1|1|1|0,6|0,6|0,6|0,6|0,6|0,6|0,6|1|1|1|1|1|1|1|1|1|0,6|0,6|1|1|1|1|1|1|1|1|1|1|0,6|0,6|0,6|0,11,6|1|1|1|1|1|1|1|1|1|1|1|1|1|1|1|1|1|1|0,6|0,6|0,6|0,6|0,6|0,6|0,6|0,6|0,6|1|1|1|1|1|1|1|1|1|1|1|1|1|1|1|1|0,6|0,6|0,6|0,6|0,6|0,6|0,6|1|1|1|1|1|1|1|1|1|0,6|0,6|1|1|1|1|1|1|1|1|1|1|0,6|0,6|0,6|0,11,6|1|1|1|1|1|1|1|1|1|1|1|1|1|1|1|1|1|1|0,6|0,6|0|0|0|0|0|0|0|1|1|1|1|1|1|1|1|1|1|1|1|1|1|1|1|0,6|0,6|0,6|0,6|0,6|0,6|0,6|1|1|1|1|1|1|1|1|1|0,6|0,6|1|1|1|1|1|1|1|1|1|1|0,6|0,6|0,6|0,11,6|1|1|1|1|1|1|1|1|1|1|1|1|1|1|1|1|1|1|0,6|0,6|0|0|0|0|0|0|0|1|1|1|1|1|1|1|1|1|1|1|1|1|1|1|1|1|0,6|0,6|0,6|0,6|0,6|0,6|1|1|1|1|1|1|1|1|1|1|0,6|1|1|1|1|1|1|1|1|1|0,6|0,6|0,6|0,6|0,6|1|1|1|1|1|1|1|1|1|1|1|1|1|1|1|1|1|1|2,6|0,6|0|0|0|0|0|0|1|1|1|1|1|1|1|1|1|1|1|1|1|1|1|1|1|1|0,6|0,6|0|0|0|0,6|1|1|1|1|1|1|1|1|1|1|0,6|1|1|1|1|1|1|1|1|1|0,6|0,6|0,6|0,6|1|1|1|1|1|1|1|1|1|1|1|1|1|1|1|1|1|1|1|1|0,6|0|0|0|0|0|0|1|1|1|1|1|1|1|1|1|1|1|1|1|1|1|1|1|1|2,6|0,6|0,6|0|0|0,6|1|1|1|1|1|1|1|1|1|1|0,6|1|1|1|1|1|1|1|1|1|0,6|0,6|0,6|0,6|1|1|1|1|1|1|1|1|1|1|1|1|1|1|1|1|1|1|1|1|0,6|0,6|0|0|0|0|0|1|1|1|1|1|1|1|1|1|1|1|1|0,6|0,6|0,6|0,6|1|1|1|0,6|0,6|0|0|0,6|2,6|1|1|1|1|1|1|1|1|1|0,6|1|1|1|1|1|1|1|1|0,6|0,6|0,6|0,6|0,6|1|1|1|2|1|1|1|1|1|1|1|1|1|1|1|1|1|1|1|1|0,6|1|1|1|1|1|1|1|1|1|1|1|1|1|1|1|1|1|1|0,6|0,6|0,6|0,6|0,6|1|1|0,6|0,6|0|0|0,6|0,6|1|1|1|1|1|1|1|1|1|0,6|1|1|1|1|1|1|1|1|0,6|0,6|0,6|0,6|0,6|1|1|2|1|1|1|1|1|1|1|1|1|1|1|1|1|1|1|1|1|0,6|1|1|1|1|1|1|1|1|1|1|1|1|1|1|1|1|1|0,1,6|0,1,6|0,1,6|0,1,6|0,1,6|0,1,6|1|1|2,1,6|0,1,6|0|0|0,1,6|0,1,6|3,1,6|4,3,6|1,3|1,3|1,3|1,3|1,5,3|1|1|0,6|1|1|1|1|1|1|1|1|0,6|0,6|0,6|0,6|0,6|1|1|1|1|1|1|1|1|1|1|1|1|1|1|1|1|1|1|1|1|0,6|1|1|1|1|1|1|1|1|1|1|1|1|1|1|1|1|1|0,6|0|0|0|0|0,6|0,6|1|1|0,6|0|0|0,6|0,6|1|1|1|1|1|1|1|1|1|0,6|1|1|1|1|1|1|1|1|0,6|0,6|0,6|0,11,6|1|1|1|1|1|1|1|1|1|1|1|1|1|1|1|1|1|1|1|1|1|0,6|1|1|1|1|1|1|1|1|1|1|1|1|1|1|1|1|1|0,6|0|0|0|0|0,6|0,6|2,6|1|2,6|0|0|0,6|0,6|3,6|4,3,6|1,3|1,3|1,3|1,3|1|1|1|0,6|1|1|1|1|1|1|1|1|0,6|0,6|0,6|0,11,6|1|1|1|1|1|1|1|1|1|1|1|1|1|1|1|1|1|1|1|1|1|0,6|0,6|0|0|0|0|0|1|1|1|1|1|1|1|1|1|1|0,6|0|0|0|0|0|0|0,6|0,6|1|1|0|0|0,6|0,6|1|1|1|1|1|1,3|1|1|1|0,6|1|1|1|1|1|1|1|0,6|0,6|0,6|0,6|0,11,6|1|1|1|1|1|1|1|1|1|1|1|1|1|1|1|1|1|1|1|1|1|0,6|0,6|0|0|0|0|0|1|1|1|1|1|1|1|1|1|1|0,1|0,1|0,1|0|0|0|0,1|0,1,6|0,1,6|2,1,6|1|0,1|0,1|0,1,6|0,1,6|3,1,6|4,3,6|1,3|1,3|1,3|1,3|1,3|1,9,3|1|0,6|1|1|1|1|1|1|1|0,6|0,6|0,6|0,6|0,11,6|1|1|1|1|1|1|1|1|1|1|1|1|1|1|1|1|1|1|1|1|1|0,6|0,6|0|0|0|0|0|1|1|1|1|1|1|1|1|1|1|0|0|0|0|0|0|0|0|0,6|0,6|1|0|0|0|0,6|1|1|1|1|1|1,3|1|1|1|0,6|1|1|1|1|1|1|1|0,6|0,6|0,6|0,6|0,6|1|1|1|1|1|1|1|1|1|1|1|1|1|1|1|1|1|1|1|1|1|0,6|0,6|0|0|0|0|0|1|1|1|1|1|1|1|1|1|1|0|0|0|0|0|0|0|0|0|0|0|0|0|0|2,6|1|1|1|1|1|1,3|1|1|1|0,6|1|1|1|1|1|1|1|0,6|0,6|0,6|0,11,6|1|1|1|1|1|1|1|1|1|1|1|1|1|1|1|1|1|1|1|1|1|1|0,6|0,6|0|0|0|0|0|1|1|1|1|1|1|1|1|1|1|0|0|0,6|0,6|0,6|0|0|0|0|0|0|0|0|0,6|1|1|1|1|1|1|1,3|1|1|1|0,6|1|1|1|1|1|1|1|0,6|0,6|0,6|0,11,6|1|1|1|1|1|1|1|1|1|1|1|1|1|1|1|1|1|1|1|1|1|1|0,6|0,6|0|0|0|0|0|1|1|1|1|1|1|1|1|1|0,6|0|0|0,6|1|0,6|0,6|0|0|0|0|0|0|0|0,6|1|1|1|1|1|1|4,3,6|1|1|1|0,6|1|1|1|1|1|1|1|0,6|0,6|0,6|0,11,6|1|1|1|1|1|1|1|1|1|1|1|1|1|1|1|1|1|1|1|1|1|1|0,6|0,6|0|0|0|0|0|0|1|1|1|1|1|1|1|1|0,6|0|0|0|1|1|1|0,6|0,6|0|0|0|0|0|0,6|1|1|1|1|1|1|0,6|1|1|1|0,6|1|1|1|1|1|1|0,6|0,6|0,6|0,6|0,11,6|1|1|1|1|1|1|1|1|1|1|1|1|1|1|1|1|1|1|1|1|1|1|0,6|0,6|0|0|0|0|0|0|1|1|1|1|1|1|1|1|1|0,6|0|0|1|1|1|0,6|0,6|0,6|0|0|0|0|0,6|1|1|1|1|2,6|0,6|0,6|0,6|1|1|0,6|1|1|1|1|1|1|0,6|0,6|0,6|0,6|0,6|1|1|1|1|1|1|1|1|1|1|1|1|1|1|1|1|1|1|1|1|1|1|0,6|0,6|0|0|0|0|0|0|0|1|1|1|1|1|1|1|1|0,6|0|0|1|1|1|1|0,6|0,6|0,6|0|0,6|0,6|1|1|1|1|1|0,6|0,6|0,6|0,6|1|1|0,6|1|1|1|1|1|0|0,6|0,6|0,6|0,6|0,6|0,6|1|1|1|1|1|1|1|1|1|1|1|1|1|1|1|1|1|1|1|1|1|2,6|0,6|0|0|0|0|0|0|0|1|1|1|1|1|1|1|1|0,6|0|0|1|1|1|1|1|1|0,6|0,6|0,6|1|1|1|1|1|1|0,6|0,6|0,6|0,6|1|1|0,6|1|1|1|1|1|0|0,6|0,6|0,6|0,6|0,6|0,6|0,6|1|1|1|1|1|1|1|1|1|1|1|1|1|1|1|1|1|1|1|1|1|0,6|0|0|0|0|0|0|0|0|1|1|1|1|1|1|1|0,6|0|0|1|1|1|1|1|1|1|1|1|1|1|1|1|1|1|0,6|0,6|0,6|2,6|1|1|0,6|1|1|1|1|0,6|0|0,6|0,6|0,6|0,6|0,6|0,6|0,6|0,6|1|1|1|1|1|1|1|1|1|1|1|1|1|1|1|1|1|1|1|1|0,6|0|0|0|0|0|0|0|0|1|1|1|1|1|1|1|0,6|0,6|0,6|0,6|1|1|1|1|1|1|1|1|1|1|1|1|1|0,6|0,6|0,6|0,6|1|1|1|0,6|1|1|1|1|0,6|0|0,6|0,6|0,6|0,6|0,6|0,6|0,6|0,6|1|1|1|1|1|1|1|1|1|1|1|1|1|1|1|1|1|1|1|1|0,6|0|0|0|0|0|0|0|0|1|1|1|1|1|1|1|0,6|0,6|0,6|0,6|1|1|1|1|1|1|1|1|1|1|1|1|2,1,6|0,1,6|0,1,6|0,1,6|0,1,6|1|1|1|0,6|1|1|1|1|0,1,6|0,1|1|1|1|0,1,6|0,1,6|0,1,6|0,1,6|0,1,6|1|1|1|1|1|1|1|1|1|1|1|1|1|1|1|1|1|1|1|1|1|0|0|0|0|0|0|0|0|0|1|1|1|1|1|1|1|0,6|0,6|0,6|1|1|1|1|1|1|1|1|1|1|1|1|0,6|0,6|0,6|0,6|0,6|1|1|1|0,6|1|1|1|1|0,6|0|1|1|1|0,6|0,6|0,6|0,6|0,6|0|1|1|1|1|1|1|1|1|1|1|1|1|1|1|1|1|1|1|1|1|0|0|0|0|0|0|0|0|0|1|1|1|1|1|1|1|0,6|0,6|0,6|1|1|1|1|1|1|1|1|1|1|2,6|0,6|0,6|0,6|0,6|0,6|2,6|1|1|1|0,6|1|1|1|1|0,1,6|0,1|1|1|1|0,1,6|0,6|0,6|0,6|0,6|0,1|1|1|1|1|1|1|1|1|1|1|1|1|1|1|1|1|1|1|1|1|1|1|2|0|0|0|0|0|0|0|1|1|1|1|1|1|0,6|0|0|1|1|1|1|1|1|1|1|1|2,6|0,6|0,6|0,6|0,6|0,6|0,6|1|1|1|1|0,6|1|1|1|1|0,6|0|0|0|0|0|0,6|0,6|0,6|0,6|0|0,6|1|1|1|1|1|1|1|1|1|1|1|1|1|1|1|1,4,3|1,3|1,3|1,3|1,3|1,3|1|2|0|0|0|0|0|0|1|1|1|1|1|1|0,6|0|0|0,6|1|1|1|1|1|1|1|0,6|0,6|0,6|0,6|0,6|0,6|0,6|0,6|1|1|1|1|0,6|1|1|1|1|0,6|0|0|0|0|0|0,6|0,6|0,6|0,6|0|0,6|1|1|1|1|1|1|1|1|1|1|1|1|1|1|1|1|1|1|1|1|1,3|1,3|1|0,6|0,6|0,6|0,6|0|0|1|1|1|1|1|1|0,6|0|0|0|1|1|1|1|1|1|2,6|0,6|0,6|0,6|0,6|0,6|0,6|0,6|2,6|1|1|1|1|0,6|1|1|1|1|0,6|0|0,6|0|0|0|0,6|0,6|0,6|0,6|0,6|0,6|1|1|1|1|1|1|1|1|1|1|1|1|1|1|1|1|1|1|1|1|1|1,3|1|0,6|0,6|0,6|0,6|0,6|0|1|1|1|1|1|1|0,6|0|0|0|1|1|0,6|0,6|0,2,6|0,6|0,6|0,6|0,6|0,6|0,6|0,6|0,6|1|1|1|1|1|1|0,6|1|1|1|1|0,6|0,6|0,6|0,6|0|0|0,6|0,6|0,6|0,6|0,6|0,6|1|1|1|1|1|1|1|1|1|1|1|1|1|1|1|1|1|1|1|1|1|1,3|1|0,6|0,6|0,6|0,6|0,6|0,6|1|1|1|1|1|1|0,6|0,6|0|0|0|0,6|0,6|0,6|0,2,6|0,6|0,6|0,6|0,6|0,6|0,6|1|1|1|1|1|1|1|0,6|0,6|1|1|1|1|0,6|0|0,6|0,6|0|0|0,6|0,6|0,6|0,6|0,6|0,6|1|1|1|1|1|1|1|1|1|1|1|1|1|1|1|1|1|1|1|1|1|1,3|1|0,6|0,6|0,6|0,6|0,6|0,6|1|1|1|1|1|1|0,6|0,6|0|0|0|0,6|0,6|0,6|0,2,6|0,6|0,6|0,6|1|1|1|1|1|1|1|1|1|0,6|0,6|0,6|1|1|1|1|0,6|0|0,6|0,6|0|0|0,6|0,6|0,6|0,6|0,6|0,6|1|1|1|1|1|1|1|1|1|1|1|1|1|1|1|1|1|1|1|1|1|1,3|1|0,6|0,6|0,6|0,6|0,6|0,6|1|1|1|1|1|1|1|0,6|0,6|0,6|0,6|0,6|0,6|2,6|1|1|1|1|1|1|1|1|1|1|1|1|0,1,6|0,1,6|0,6|0,6|0,6|0,6|0,6|0,6|0,6|0,6|0,1,6|0,1,6|0,1,6|1|1|1|0,1,6|0,1,6|0,6|0,6|1|1|1|1|1|1|1|1|1|1|1|1|1|1|1|1|1|1|1|1|1|1,3|1|0,6|0,6|0,6|0,6|0,6|0,6|1|1|1|1|1|1|1|0,6|0,6|0,6|0,6|0,6|0,6|1|1|1|1|1|1|1|0,6|0,6|0,6|0,6|0,6|0,6|0,6|0,6|0,6|0,6|0,6|0,6|0,6|0,6|0,6|0,6|0,6|0,6|0,6|1|1|1|0,6|0,6|0,6|0,6|1|1|1|1|1|1|1|1|1|1|1|1|1|1|1|1|1|1|1|1|1|4,3,6|1|0,6|0,6|0,6|0,6|0,6|1|1|1|1|1|1|1|1|0,6|0,6|0,6|0,6|0,6|0,6|1|1|1|1|1|1|0,1,6|0,1,6|0,1,6|0,1,6|0,1,6|0,1,6|0,6|0,6|0,6|0,6|0,6|0,6|0,6|0,6|0,6|0,1,6|0,1,6|0,1,6|0,1,6|0,1,6|1|1|1|0,1,6|0,1,6|0,1,6|1|1|1|1|1|0,1,6|1|1|1|1|1|1|1|1|1|1|1|1|1|1|1|1|0,6|1|0,6|0,6|0,6|0,6|0,6|1|1|1|1|1|1|1|1|1|0,6|0,6|0,6|0,6|0,6|0,6|0,6|0,6|0,6|0,6|0,6|0,6|0,6|0,6|0,6|0,6|0,6|0,6|0,6|0,6|0,6|0,6|0,6|0,6|0,6|0,6|0,6|0,6|0,6|0,6|0,6|0,6|0,6|0,6|0,6|0,6|0,6|1|1|1|1|1|0,6|1|1|1|1|1|1|1|1|1|1|1|1|1|1|0,6|0,6|0,6|0,6|0|0|0|0|1|1|1|1|1|1|1|1|1|1|1|0,6|0|0,6|0,6|0,6|0,6|0,6|0,6|0,6|0,6|0,6|0,6|0,6|0,6|0,6|0,6|0,6|0,6|1|1|0,6|1|1|1|1|0,6|0|0|0|0|0|0|0|0|0,6|1|1|1|1|1|1|0,6|1|1|1|1|1|1|1|1|1|1|1|1|1|1|1|0,6|0,6|0,6|0|0|0|0|1|1|1|1|1|1|1|1|1|1|1|1|0,6|0,6|0,6|0,6|0,6|0,6|0,6|0,6|0,6|0,6|0,6|0,6|0,6|0,6|0,6|0,6|1|1|1|0,6|1|1|1|1|0,6|0|0|0|0|0|0|0|0,6|0,6|1|1|1|1|1|1|0,6|1|1|1|1|1|1|1|1|1|1|1|1|1|1|1|0,1,6|0,1,6|0,1,6|0,1,6|0,1|0,1|1|1|1|1|1|1|1|1|1|1|1|1|1|1|1|0,6|0,6|0,6|0,6|0,6|0,6|0,6|0,6|0,6|0,6|0,6|1|1|1|1|1|1|0,6|1|1|1|1|0,6|0|0|0|0|0|0|0,6|0,6|1|1|1|1|1|1|1|1|1|1|1|1|1|1|1|1|1|1|1|1|1|1|1|1|0,6|0,6|0,6|0,6|1|1|1|1|1|1|1|1|1|1|1|1|1|1|1|1|1|1|1|1|1|1|1|1|1|1|1|1|1|1|1|1|1|0,6|1|1|1|1|0,1,6|0,1|0,1|1|1|1|0,1|0,1|0,1|1|1|1|1|1|1|1|1|1|1|1|1|1|1|1|1|1|1|1|1|1|1|1|1|1|1|1|1|1|1|1|1|1|1|1|1|1|1|1|1|1|1|1|1|1|1|1|1|1|1|1|1|1|1|1|1|1|1|1|1|1|0,6|1|1|1|1|0,6|0|0|1|1|1|0|1|1|1|1|1|1|1|1|1|1|1|1|1|1|1|1|1|1|1|1|1|1|1|1|1|1|1|1|1|1|1|1|1|1|1|1|1|1|1|1|1|1|1|1|1|1|1|1|1|1|1|1|1|1|1|1|1|1|1|1|1|1|1|0,6|1|1|1|1|0,1,6|0,1|0,1|1|1|1|1|1|1|1|1|1|1|1|1|1|1|1|1|1|1|1|1|1|1|1|1|1|1|1|1|1|1|1|1|1|1|1|1|1|1|1|1|1|1|1|1|1|1|1|1|1|1|1|1|1|1|1|1|1|1|1|1|1|1|1|1|1|1|1|0,6|1|1|1|1|0,6|0|0|0|1|1|1|1|1|1|1|1|1|1|1|1|1|1|1|1|1|1|1|1|1|1|1|1|1|1|1|1|1|1|1|1|1|1|1|1|1|1|1|1|1|1|1|1|1|1|1|1|1|1|1|1|1|1|1|1|1|1|1|1|1|1|1|1|1|1|0,6|1|1|1|1|1|1|1|1|1|1|1|1|1|1|1|1|1|1|1|1|1|1|1|1|1|1|1|1|1|1|
camera angles:0,0;0,0;0,0;0,0|0,0;0,0;0,0;0,0|0,0;0,0;0,0;0,0|0,0;0,0;0,0;0,0|0,0;0,0;0,0;0,0|0,0;0,0;0,0;0,0|0,0;0,0;0,0;0,0
