WARE_B29: 534,836,100,35
WARE_I01x: 473,923,48,35
WARE_I02: 521,926,48,35
WARE_I03: 569,920,100,35
WARE_I04: 666,876,100,78
WARE_I05: 670,953,48,35
WARE_I06: 709,953,48,35
WARE_I07: 793,913,48,35
WARE_I08: 773,880,48,35
WARE_I09: 565,873,100,35
WARE_I10: 635,834,48,35
WARE_I11: 681,739,48,78
WARE_I12: 684,825,48,35
WARE_I13: 734,819,48,35
WARE_I14: 825,735,48,35
WARE_I15: 728,732,100,35
WARE_S12: 520,884,48,35
WARE_G15: 10,738,48,35
WARE_H01: 64,730,152,35
WARE_H02: 325,653,48,154
WARE_H03: 214,659,48,35
WARE_H04: 216,602,48,35
WARE_H05: 252,538,152,35
WARE_H06: 423,597,48,78
WARE_H07: 325,615,48,35
WARE_H08: 322,849,48,35
WARE_H09: 260,657,48,35
WARE_H10: 372,638,48,35
WARE_H11: 325,923,48,35
WARE_H12: 377,726,48,35
WARE_H14: 274,683,48,35
WARE_H15: 292,1126,48,35
WARE_H16: 371,1126,100,35
WARE_H17: 307,885,48,35
WARE_H18: 131,767,48,35
WARE_H19: 344,814,48,35
WARE_H21: 337,573,48,35
WARE_H22: 374,923,100,35
WARE_H23: 220,730,100,35
WARE_H24: 430,734,48,112
WARE_S05: 359,604,48,35
WARE_S25: 434,888,48,35
WARE_S28: 478,726,48,35
WARE_S30: 131,800,48,35
