WARC_A01: 1541,715,48,35
WARC_A02: 1406,714,100,35
WARC_A03: 1294,679,100,74
WARC_A04: 1089,712,202,35
WARC_A05: 929,712,152,35
WARC_A06: 719,634,202,112
WARC_A07: 482,716,152,35
WARC_A08: 436,716,48,35
WARC_A09: 625,721,100,35
WARC_B01: 1756,677,48,35
WARC_B02: 1611,677,152,35
WARC_B03: 1570,604,48,112
WARC_B04: 1578,1149,48,35
WARC_B05: 1470,644,100,35
WARC_B06: 1458,679,48,35
WARC_B07: 1195,1113,48,112
WARC_B08: 1033,1144,152,35
WARC_B09: 871,1143,152,74
WARC_B10: 763,1144,100,35
WARC_B11: 766,1181,48,35
WARC_B12: 1804,674,100,35
WARC_B13: 647,1147,100,35
WARC_C01: 1145,1263,48,112
WARC_C02: 994,281,152,35
WARC_C03: 711,1268,48,112
WARC_C04: 952,1297,48,74
WARC_C05: 841,290,100,35
WARC_C06: 787,836,100,35
WARC_C07: 897,837,48,35
WARC_C08: 782,290,48,35
WARC_C09: 526,331,100,35
WARC_C10: 621,827,48,35
WARC_E01: 718,524,152,112
WARC_E02: 478,528,202,35
WARC_E03: 285,526,152,112
WARC_E04: 87,603,202,35
WARC_E05: 136,663,48,74
WARC_E06: 580,1069,48,112
WARC_E07: 870,518,48,35
WARC_E08: 435,600,48,112
WARC_F01: 10,936,100,35
WARC_F02: 270,1479,48,35
WARC_F03: 371,849,100,35
WARC_F05: 112,856,202,114
WARC_F09: 240,1408,48,35
WARC_F10: 250,1366,48,35
WARC_F11: 161,1366,100,35
WARC_F12: 139,1366,48,35
WARC_F13: 139,1392,48,35
WARC_F15: 147,1423,100,35
WARC_F22: 236,1344,48,35
WARC_F23: 146,1343,48,35
WARC_S01: 1527,173,48,35
WARC_S02: 922,606,48,35
WARC_S03: 484,602,48,35
WARC_S04: 675,849,48,35
WARC_S05: 1186,832,48,35
WARC_S06: 166,1395,48,35
